  ID     REF  V        B-V
   0001    88  15.282   0.888
   0002    88  19.472   1.319
   0003    88  20.476   1.367
   0004    88  19.509   1.123
   0005    88  20.070   1.176
   0006    88  20.367   0.960
   0007    88  17.641   1.065
   0008    88  18.136   0.889
   0009    88  20.423   0.949
   0010    88  19.395   1.202
   0011    88  20.209   1.295
   0012    88  18.767   0.911
   0013    88  21.409   1.138
   0014    88  20.232   1.058
   0015    88  20.682   2.379
   0016    88  18.405   1.048
   0017    88  21.421   1.602
   0018    88  20.209   0.989
   0019    88  18.591   1.405
   0020    88  17.137   1.047
   0021    88  19.725   1.143
   0022    88  15.987   1.860
   0023    88  19.723   1.029
   0024    88  18.607   1.017
   0025    88  19.864   0.858
   0026    88  21.363   2.441
   0027    88  19.285   1.139
   0028    88  17.741   1.019
   0029    88  17.845   0.762
   0030    88  19.356   1.139
   0031    88  16.069   0.806
   0032    88  18.861   2.161
   0033    88  20.983   0.990
   0034    88  17.409   1.224
   0035    88  20.802   1.867
   0036    88  18.833   1.141
   0037    88  17.773   1.386
   0038    88  18.590   1.315
   0039    88  20.558   0.861
   0040    88  21.021   1.135
   0041    88  18.509   1.017
   0042    88  18.439   0.867
   0043    88  18.392   0.945
   0044    88  20.799   1.950
   0045    88  17.544   1.001
   0046    88  17.622   0.946
   0047    88  19.300   0.969
   0048    88  13.678   1.289
   0049    88  18.778   0.929
   0050    88  17.983   0.985
   0051    88  19.431   1.063
   0052    88  20.083   1.372
   0053    88  19.299   0.940
   0054    88  18.263   1.019
   0055    88  14.850   1.268
   0056    88  18.040   0.998
   0057    88  17.012   1.255
   0058    88  17.542   1.288
   0059    88  20.633   1.526
   0060    88  18.986   0.875
   0061    88  16.711   1.064
   0062    88  21.263   2.436
   0063    88  22.016   2.388
   0064    88  19.194   1.103
   0065    88  17.750   1.439
   0066    88  19.746   0.893
   0067    88  19.667   0.982
   0068    88  16.305   1.255
   0069    88  20.050   1.437
   0070    88  18.824   0.994
   0071    88  17.179   0.990
   0072    88  20.113   1.014
   0073    88  18.328   1.430
   0074    88  19.985   1.189
   0075    88  18.270   0.859
   0076    88  15.724   1.385
   0077    88  21.093   2.124
   0078    88  19.732   1.169
   0079    88  19.840   1.263
   0080    88  19.890   1.566
   0081    88  18.949   1.049
   0082    88  16.920   0.970
   0083    88  18.023   0.899
   0084    88  17.608   1.130
   0085    88  18.585   0.836
   0086    88  19.993   1.028
   0087    88  17.695   0.916
   0088    88  21.427   1.684
   0089    88  18.891   1.096
   0090    88  16.586   1.071
   0091    88  20.736   2.002
   0092    88  19.179   0.868
   0093    88  20.455   1.429
   0094    88  17.515   0.958
   0095    88  19.448   1.144
   0096    88  19.864   1.062
   0097    88  14.904   1.338
   0098    88  19.393   0.832
   0099    88  18.153   1.333
   0100    88  18.473   0.897
   0101    88  19.730   1.044
   0102    88  17.074   1.045
   0103    88  20.121   1.121
   0104    88  18.349   0.991
   0105    88  19.355   1.149
   0106    88  19.189   0.795
   0107    88  20.409   1.184
   0108    88  20.853   1.650
   0109    88  16.752   0.822
   0110    88  17.624   0.891
   0111    88  17.681   0.855
   0112    88  17.636   0.914
   0113    88  19.361   0.937
   0114    88  19.216   0.636
   0115    88  15.053   0.912
   0116    88  19.820   1.365
   0117    88  20.769   1.583
   0118    88  19.824   0.955
   0119    88  19.978   1.279
   0120    88  18.761   1.245
   0121    88  18.981   1.177
   0122    88  20.053   0.885
   0123    88  21.623   2.382
   0124    88  20.432   0.876
   0125    88  20.159   0.931
   0126    88  17.688   1.280
   0127    88  21.042   1.135
   0128    88  18.422   0.910
   0129    88  19.894   1.187
   0130    88  17.914   1.040
   0131    88  17.987   1.226
   0132    88  19.982   0.809
   0133    88  15.202   1.611
   0134    88  16.863   0.818
   0135    88  20.024   1.237
   0136    88  21.316   1.228
   0137    88  17.523   0.930
   0138    88  16.182   1.099
   0139    88  19.429   1.194
   0140    88  19.838   1.796
   0141    88  19.662   1.055
   0142    88  20.043   1.349
   0143    88  18.354   1.069
   0144    88  19.086   1.232
   0145    88  21.421   1.932
   0146    88  17.569   0.769
   0147    88  21.294   1.972
   0148    88  18.839   0.980
   0149    88  16.052   1.435
   0150    88  18.591   1.393
   0151    88  19.076   0.666
   0152    88  19.890   1.646
   0153    88  18.413   1.118
   0154    88  16.655   1.269
   0155    88  19.489   1.988
   0156    88  20.329   0.953
   0157    88  19.283   0.816
   0158    88  20.531   1.236
   0159    88  16.543   1.077
   0160    88  19.657   0.828
   0161    88  19.518   0.655
   0162    88  18.828   1.169
   0163    88  17.862   0.906
   0164    88  18.858   0.796
   0165    88  20.952   0.963
   0166    88  18.646   1.015
   0167    88  19.038   0.914
   0168    88  19.724   1.057
   0169    88  18.174   1.513
   0170    88  21.301   1.073
   0171    88  21.386   1.735
   0172    88  19.176   0.877
   0173    88  18.780   0.761
   0174    88  16.750   0.968
   0175    88  18.592   0.976
   0176    88  17.902   1.280
   0177    88  19.558   1.206
   0178    88  20.797   1.755
   0179    88  16.402   1.805
   0180    88  17.939   0.995
   0181    88  20.051   1.478
   0182    88  17.895   1.007
   0183    88  18.763   0.774
   0184    88  19.250   1.008
   0185    88  20.312   0.937
   0186    88  20.023   1.501
   0187    88  19.335   1.068
   0188    88  18.668   1.112
   0189    88  18.299   1.114
   0190    88  18.805   1.056
   0191    88  19.257   0.887
   0192    88  17.942   1.019
   0193    88  19.083   0.798
   0194    88  16.862   1.136
   0195    88  19.374   2.137
   0196    88  19.003   1.050
   0197    88  21.211   1.827
   0198    88  17.659   1.016
   0199    88  16.879   1.054
   0200    88  17.309   1.115
   0201    88  20.156   0.753
   0202    88  19.213   0.739
   0203    88  18.608   0.861
   0204    88  19.235   0.997
   0205    88  18.769   1.171
   0206    88  20.344   0.827
   0207    88  20.465   1.080
   0208    88  19.611   0.848
   0209    88  16.073   0.955
   0210    88  18.177   1.205
   0211    88  20.484   1.350
   0212    88  19.453   1.154
   0213    88  19.101   0.849
   0214    88  21.364   1.823
   0215    88  17.825   0.968
   0216    88  16.362   1.275
   0217    88  21.181   0.925
   0218    88  20.236   1.313
   0219    88  18.782   1.033
   0220    88  16.616   1.275
   0221    88  16.903   0.978
   0222    88  17.644   0.946
   0223    88  17.340   1.217
   0224    88  17.894   0.973
   0225    88  16.312   0.921
   0226    88  20.173   2.622
   0227    88  18.431   0.791
   0228    88  18.567   1.759
   0229    88  20.538   1.076
   0230    88  20.943   1.705
   0231    88  17.787   1.068
   0232    88  19.047   0.993
   0233    88  19.159   1.120
   0234    88  20.911   0.772
   0235    88  21.240   0.827
   0236    88  16.404   0.860
   0237    88  19.588   0.950
   0238    88  16.909   1.007
   0239    88  17.543   1.113
   0240    88  20.881   1.949
   0241    88  20.781   0.911
   0242    88  18.003   0.900
   0243    88  19.735   1.029
   0244    88  19.977   1.516
   0245    88  18.751   0.963
   0246    88  19.899   1.161
   0247    88  20.239   1.089
   0248    88  19.240   0.884
   0249    88  20.328   1.562
   0250    88  17.025   0.976
   0251    88  18.701   0.994
   0252    88  18.823   1.028
   0253    88  20.924   1.975
   0254    88  20.402   1.563
   0255    88  19.277   0.777
   0256    88  19.069   1.387
   0257    88  16.496   0.843
   0258    88  20.118   1.047
   0259    88  18.712   1.890
   0260    88  15.640   0.887
   0261    88  20.433   1.104
   0262    88  19.000   1.200
   0263    88  20.130   1.199
   0264    88  19.153   1.138
   0265    88  19.071   1.192
   0266    88  18.646   0.769
   0267    88  19.272   1.040
   0268    88  20.208   0.736
   0269    88  17.451   0.855
   0270    88  19.919   0.908
   0271    88  18.848   1.162
   0272    88  21.123   1.053
   0273    88  20.799   1.184
   0274    88  17.658   0.952
   0275    88  19.591   0.759
   0276    88  19.834   2.802
   0277    88  19.496   1.412
   0278    88  15.123   0.826
   0279    88  16.352   1.312
   0280    88  19.756   0.878
   0281    88  18.957   1.451
   0282    88  18.020   0.832
   0283    88  21.439   1.550
   0284    88  15.137   0.798
   0285    88  20.739   1.669
   0286    88  17.870   0.896
   0287    88  20.970   1.678
   0288    88  19.606   0.838
   0289    88  19.756   1.097
   0290    88  20.039   1.091
   0291    88  18.876   1.167
   0292    88  16.237   1.227
   0293    88  20.832   0.919
   0294    88  19.016   1.331
   0295    88  21.030   0.920
   0296    88  19.438   0.805
   0297    88  20.822   2.161
   0298    88  20.081   1.168
   0299    88  20.290   1.648
   0300    88  20.712   1.238
   0301    88  19.217   0.799
   0302    88  17.198   1.074
   0303    88  19.317   0.832
   0304    88  20.463   2.065
   0305    88  18.316   1.462
   0306    88  18.343   0.998
   0307    88  19.246   1.041
   0308    88  16.616   1.297
   0309    88  19.584   0.835
   0310    88  17.978   0.807
   0311    88  20.440   1.526
   0312    88  18.262   1.216
   0313    88  19.922   1.023
   0314    88  18.106   1.045
   0315    88  17.256   0.690
   0316    88  19.355   0.781
   0317    88  15.314   1.522
   0318    88  20.121   1.041
   0319    88  19.525   1.712
   0320    88  20.211   1.143
   0321    88  19.775   1.201
   0322    88  19.531   1.619
   0323    88  18.714   0.857
   0324    88  18.108   1.048
   0325    88  18.496   1.500
   0326    88  19.691   0.966
   0327    88  19.208   1.022
   0328    88  20.819   0.903
   0329    88  16.626   1.176
   0330    88  19.491   0.875
   0331    88  19.926   1.490
   0332    88  19.254   0.755
   0333    88  20.874   1.567
   0334    88  18.969   1.297
   0335    88  19.130   1.508
   0336    88  18.513   0.787
   0337    88  19.916   0.805
   0338    88  20.155   0.992
   0339    88  19.871   0.771
   0340    88  15.633   1.523
   0341    88  18.674   1.268
   0342    88  19.323   0.767
   0343    88  18.917   0.904
   0344    88  15.673   1.336
   0345    88  18.244   1.108
   0346    88  16.275   1.271
   0347    88  20.014   0.744
   0348    88  20.400   0.810
   0349    88  17.873   0.764
   0350    88  19.937   1.025
   0351    88  21.400   1.057
   0352    88  18.732   1.082
   0353    88  19.455   0.879
   0354    88  19.652   0.825
   0355    88  19.312   0.845
   0356    88  20.683   1.343
   0357    88  18.185   1.001
   0358    88  18.843   1.126
   0359    88  17.667   1.099
   0360    88  20.970   0.971
   0361    88  17.533   0.956
   0362    88  18.977   0.843
   0363    88  20.622   1.691
   0364    88  21.691   1.727
   0365    88  19.663   0.997
   0366    88  19.946   1.099
   0367    88  19.703   0.909
   0368    88  17.501   0.944
   0369    88  19.032   0.858
   0370    88  18.571   0.988
   0371    88  17.904   1.124
   0372    88  19.885   1.285
   0373    88  19.688   1.035
   0374    88  16.860   1.191
   0375    88  16.481   1.233
   0376    88  20.463   2.216
   0377    88  20.999   1.428
   0378    88  19.221   1.244
   0379    88  20.284   0.684
   0380    88  19.546   1.080
   0381    88  19.234   0.855
   0382    88  20.136   0.995
   0383    88  20.863   1.061
   0384    88  18.116   0.861
   0385    88  18.004   1.654
   0386    88  20.243   0.920
   0387    88  17.490   0.967
   0388    88  18.445   0.511
   0389    88  21.532   1.618
   0390    88  19.854   1.329
   0391    88  18.949   1.188
   0392    88  19.590   0.843
   0393    88  18.057   0.605
   0394    88  19.697   1.096
   0395    88  20.289   0.896
   0396    88  19.503   0.955
   0397    88  18.539   1.110
   0398    88  18.340   1.058
   0399    88  17.359   1.147
   0400    88  17.464   1.085
   0401    88  21.173   2.359
   0402    88  18.759   0.821
   0403    88  19.726   1.802
   0404    88  20.963   1.041
   0405    88  19.201   0.940
   0406    88  19.875   1.080
   0407    88  18.614   1.260
   0408    88  19.121   1.074
   0409    88  20.473   1.154
   0410    88  19.945   1.383
   0411    88  17.436   0.860
   0412    88  15.546   1.395
   0413    88  21.241   0.951
   0414    88  17.792   0.895
   0415    88  16.406   1.044
   0416    88  19.184   0.977
   0417    88  18.566   1.284
   0418    88  18.621   0.830
   0419    88  19.403   0.993
   0420    88  19.126   1.004
   0421    88  19.963   1.092
   0422    88  21.580   1.976
   0423    88  21.494   1.035
   0424    88  19.175   1.178
   0425    88  18.556   0.875
   0426    88  17.872   1.167
   0427    88  18.471   0.986
   0428    88  19.370   1.017
   0429    88  18.396   0.830
   0430    88  19.497   1.199
   0431    88  18.715   1.087
   0432    88  20.382   1.789
   0433    88  18.323   0.886
   0434    88  16.455   1.218
   0435    88  17.658   0.822
   0436    88  17.744   1.236
   0437    88  18.967   0.998
   0438    88  21.874   1.920
   0439    88  18.739   1.197
   0440    88  19.152   1.047
   0441    88  19.475   1.081
   0442    88  19.359   1.443
   0443    88  20.408   0.820
   0444    88  17.716   1.189
   0445    88  19.598   1.027
   0446    88  19.935   1.105
   0447    88  19.751   0.847
   0448    88  19.110   0.632
   0449    88  19.164   0.819
   0450    88  18.994   0.982
   0451    88  20.480   1.482
   0452    88  15.580   0.990
   0453    88  16.580   1.275
   0454    88  17.571   0.896
   0455    88  20.802   1.845
   0456    88  18.605   0.992
   0457    88  21.555   1.381
   0458    88  19.430   0.875
   0459    88  19.719   1.000
   0460    88  18.985   1.302
   0461    88  20.298   0.686
   0462    88  19.280   1.194
   0463    88  19.594   0.814
   0464    88  19.629   0.718
   0465    88  19.684   1.436
   0466    88  17.209   0.911
   0467    88  19.423   0.797
   0468    88  16.368   0.667
   0469    88  19.680   0.922
   0470    88  21.389   1.198
   0471    88  19.791   0.947
   0472    88  19.137   1.210
   0473    88  20.543   1.022
   0474    88  18.346   1.189
   0475    88  20.363   1.218
   0476    88  19.888   0.808
   0477    88  18.144   0.812
   0478    88  19.723   0.865
   0479    88  20.037   1.130
   0480    88  21.655   1.930
   0481    88  19.443   0.828
   0482    88  18.303   0.907
   0483    88  19.676   0.937
   0484    88  18.783   1.392
   0485    88  18.781   0.791
   0486    88  18.452   1.024
   0487    88  18.807   1.048
   0488    88  18.793   0.713
   0489    88  18.259   1.240
   0490    88  18.864   0.886
   0491    88  18.782   1.000
   0492    88  19.611   0.799
   0493    88  19.650   1.106
   0494    88  20.008   0.781
   0495    88  19.052   0.685
   0496    88  19.233   0.888
   0497    88  19.274   1.024
   0498    88  19.918   0.957
   0499    88  17.467   0.911
   0500    88  21.038   2.375
   0501    88  19.612   0.982
   0502    88  16.257   0.914
   0503    88  18.218   1.143
   0504    88  20.549   1.222
   0505    88  19.065   0.901
   0506    88  15.867   1.008
   0507    88  19.612   1.436
   0508    88  20.409   1.041
   0509    88  19.855   1.038
   0510    88  19.215   0.965
   0511    88  19.174   1.048
   0512    88  17.826   1.049
   0513    88  19.745   1.377
   0514    88  21.087   0.985
   0515    88  21.253   1.882
   0516    88  20.814   1.203
   0517    88  20.102   1.276
   0518    88  18.825   1.313
   0519    88  17.481   1.204
   0520    88  19.301   0.890
   0521    88  19.723   0.903
   0522    88  13.963   2.646
   0523    88  19.415   1.152
   0524    88  20.293   1.381
   0525    88  20.928   0.830
   0526    88  20.033   1.148
   0527    88  20.614   1.062
   0528    88  15.898   1.052
   0529    88  19.776   0.787
   0530    88  20.920   2.367
   0531    88  19.487   0.936
   0532    88  19.198   1.207
   0533    88  19.187   0.932
   0534    88  15.709   0.878
   0535    88  19.339   0.790
   0536    88  20.981   0.877
   0537    88  19.888   1.030
   0538    88  20.004   0.826
   0539    88  21.890   1.377
   0540    88  21.218   2.438
   0541    88  21.412   1.511
   0542    88  20.843   0.663
   0543    88  19.623   0.952
   0544    88  18.094   0.951
   0545    88  18.681   0.761
   0546    88  21.752   1.112
   0547    88  19.080   0.788
   0548    88  15.846   0.923
   0549    88  19.724   0.885
   0550    88  19.517   0.861
   0551    88  19.851   1.420
   0552    88  17.474   1.275
   0553    88  19.489   1.339
   0554    88  19.255   1.313
   0555    88  19.839   1.018
   0556    88  19.023   0.991
   0557    88  13.869   1.378
   0558    88  19.348   0.962
   0559    88  17.443   1.189
   0560    88  18.678   1.103
   0561    88  18.769   1.629
   0562    88  15.100   1.034
   0563    88  18.351   0.869
   0564    88  19.951   1.181
   0565    88  18.323   0.891
   0566    88  19.204   0.844
   0567    88  19.213   0.844
   0568    88  16.141   1.086
   0569    88  18.528   0.922
   0570    88  18.385   1.319
   0571    88  16.055   1.371
   0572    88  16.610   1.245
   0573    88  19.891   1.042
   0574    88  19.570   0.777
   0575    88  18.820   2.154
   0576    88  20.041   1.008
   0577    88  19.746   1.221
   0578    88  20.326   1.127
   0579    88  17.780   0.607
   0580    88  19.956   1.348
   0581    88  18.005   0.924
   0582    88  18.832   0.925
   0583    88  19.460   0.881
   0584    88  19.937   1.164
   0585    88  16.025   1.233
   0586    88  19.645   0.827
   0587    88  17.982   0.948
   0588    88  15.225   1.215
   0589    88  20.454   0.666
   0590    88  20.658   1.899
   0591    88  18.426   0.945
   0592    88  20.804   1.927
   0593    88  19.347   0.723
   0594    88  19.491   0.721
   0595    88  16.729   0.572
   0596    88  20.217   0.958
   0597    88  19.895   0.944
   0598    88  17.815   0.836
   0599    88  19.593   0.913
   0600    88  19.117   0.758
   0601    88  19.252   0.791
   0602    88  19.259   0.840
   0603    88  19.682   1.479
   0604    88  18.684   0.935
   0605    88  18.991   0.774
   0606    88  18.099   1.003
   0607    88  20.663   1.641
   0608    88  20.007   0.676
   0609    88  19.989   1.092
   0610    88  19.129   0.989
   0611    88  19.123   1.070
   0612    88  18.477   0.878
   0613    88  21.141   1.016
   0614    88  18.055   0.886
   0615    88  19.275   0.852
   0616    88  20.396   0.806
   0617    88  18.719   0.906
   0618    88  18.460   0.924
   0619    88  19.854   1.074
   0620    88  19.969   0.694
   0621    88  19.746   0.949
   0622    88  19.264   0.910
   0623    88  20.633   1.928
   0624    88  20.001   1.291
   0625    88  20.819   1.130
   0626    88  17.930   0.662
   0627    88  18.657   1.046
   0628    88  17.497   1.257
   0629    88  19.283   0.845
   0630    88  19.292   0.790
   0631    88  18.987   1.183
   0632    88  17.901   0.974
   0633    88  20.753   0.971
   0634    88  19.177   1.030
   0635    88  20.075   0.994
   0636    88  16.604   0.980
   0636    96  16.600   1.080
   0637    88  20.490   0.631
   0638    88  19.371   1.261
   0639    88  18.494   0.921
   0640    88  18.956   0.790
   0641    88  19.065   0.866
   0642    88  16.380   1.207
   0642    96  16.440   1.400
   0643    88  20.399   0.808
   0643    96  20.530   0.970
   0644    88  20.039   0.960
   0645    88  17.988   1.278
   0646    88  19.514   0.936
   0647    88  19.273   0.861
   0648    88  18.974   0.910
   0649    88  21.197   2.591
   0650    88  20.226   1.363
   0651    88  19.843   1.002
   0652    88  19.257   0.797
   0653    88  17.297   0.756
   0654    88  19.377   0.820
   0655    88  19.929   0.903
   0656    88  19.652   1.119
   0657    88  18.670   1.320
   0658    88  21.039   1.688
   0659    88  20.527   0.799
   0660    88  18.561   0.859
   0660    96  18.550   0.880
   0661    88  18.743   0.827
   0661    96  18.770   0.840
   0662    88  19.119   1.264
   0663    88  19.972   1.041
   0664    88  19.258   0.969
   0664    96  19.270   0.950
   0665    88  18.117   0.900
   0666    88  19.230   0.953
   0667    88  12.434   1.189
   0668    88  20.336   1.295
   0669    88  19.146   1.119
   0669    96  19.070   1.150
   0670    88  21.046   0.767
   0671    88  15.526   0.923
   0671    96  15.530   1.070
   0672    88  19.232   0.927
   0673    88  20.346   0.988
   0674    88  19.294   1.036
   0674    96  19.280   1.120
   0675    88  18.786   0.816
   0675    96  18.790   0.820
   0676    88  19.519   0.846
   0677    88  16.760   0.225
   0677    96  16.740   0.260
   0678    88  19.393   0.751
   0678    96  18.960   1.340
   0679    88  19.272   0.857
   0679    96  19.280   0.870
   0680    88  19.165   0.959
   0681    88  19.761   0.762
   0681    96  19.790   0.890
   0682    88  18.601   0.807
   0682    96  18.650   0.810
   0683    88  20.054   1.365
   0684    88  18.810   0.959
   0685    88  16.488   0.939
   0686    88  16.608   0.923
   0687    88  16.717   1.116
   0688    88  17.760   0.972
   0688    96  17.760   0.900
   0689    88  18.397   0.948
   0690    88  20.009   1.191
   0691    88  19.863   0.899
   0692    88  18.232   0.888
   0693    88  19.233   0.816
   0694    88  19.075   0.726
   0694    96  19.120   0.840
   0695    88  20.125   2.119
   0696    88  18.338   0.875
   0696    96  18.450   1.020
   0697    88  19.067   0.915
   0697    96  18.900   0.790
   0698    88  19.676   1.291
   0698    96  19.270   0.850
   0699    88  17.996   1.062
   0699    96  17.880   1.250
   0700    88  16.553   1.158
   0701    88  18.696   1.044
   0701    96  18.740   1.190
   0702    88  19.563   0.788
   0703    88  17.377   1.021
   0703    96  17.390   1.080
   0704    88  18.397   0.994
   0704    96  18.220   0.930
   0705    88  19.818   1.284
   0706    88  16.831   1.122
   0707    88  20.925   0.940
   0708    88  18.246   0.930
   0708    96  18.250   1.010
   0709    88  19.212   0.893
   0709    96  19.200   0.770
   0710    88  18.884   0.995
   0711    88  19.995   0.896
   0711    96  19.980   0.910
   0712    88  20.257   0.806
   0712    96  20.200   0.940
   0713    88  19.504   1.380
   0714    88  19.170   0.816
   0714    96  19.240   0.850
   0715    88  20.277   0.944
   0715    96  20.300   1.110
   0716    88  20.478   1.409
   0717    88  19.988   0.972
   0718    88  19.199   0.891
   0719    88  21.264   1.274
   0719    96  21.140   1.180
   0720    88  18.512   0.839
   0720    96  18.530   0.840
   0721    88  19.108   0.843
   0722    88  19.398   0.818
   0722    96  19.350   0.780
   0723    88  20.459   1.198
   0723    96  20.440   1.200
   0724    88  20.396   1.618
   0725    88  18.931   0.954
   0726    88  19.731   0.785
   0727    88  15.417   1.203
   0728    88  17.397   0.948
   0729    88  19.174   0.991
   0730    88  19.494   0.659
   0731    88  20.493   0.848
   0732    88  19.821   0.880
   0732    96  19.790   0.890
   0733    88  20.362   1.398
   0733    96  20.470   1.320
   0734    88  18.438   0.790
   0734    96  18.490   0.840
   0735    88  19.097   0.936
   0735    96  19.020   0.840
   0736    88  19.147   0.686
   0736    96  19.170   0.740
   0737    88  21.076   1.218
   0738    88  20.309   0.801
   0739    88  19.205   0.815
   0739    96  19.210   0.860
   0740    88  18.497   0.902
   0740    96  18.450   1.020
   0741    88  18.251   0.741
   0741    96  18.340   0.800
   0742    88  19.267   0.923
   0743    88  19.381   1.113
   0744    88  18.569   0.739
   0745    88  19.662   0.834
   0745    96  19.830   0.610
   0746    88  18.911   0.898
   0746    96  18.790   0.900
   0747    88  19.694   1.283
   0748    88  18.580   0.857
   0748    96  18.580   0.870
   0749    88  19.225   0.746
   0749    96  19.270   0.750
   0750    88  19.755   0.643
   0750    96  19.830   0.800
   0751    88  18.988   0.989
   0752    88  19.244   0.796
   0752    96  19.290   0.820
   0753    88  15.671   1.273
   0754    88  19.763   0.847
   0755    88  18.528   0.830
   0755    96  18.510   0.890
   0756    88  18.887   1.048
   0757    88  17.495   1.221
   0757    96  17.450   1.380
   0758    88  18.692   1.043
   0759    88  19.824   0.671
   0760    88  16.203   0.878
   0761    88  20.382   1.438
   0762    88  20.121   1.757
   0762    96  19.590   1.170
   0763    88  19.782   0.856
   0764    88  20.028   0.873
   0764    96  20.100   0.910
   0765    88  19.435   1.116
   0766    88  18.881   1.213
   0767    88  19.398   0.807
   0767    96  19.500   0.870
   0768    88  18.415   0.972
   0768    96  18.410   0.880
   0769    88  19.616   1.566
   0770    88  19.054   0.851
   0770    96  19.140   0.870
   0771    88  19.459   0.846
   0772    88  18.890   0.787
   0772    96  18.960   0.840
   0773    88  19.775   0.952
   0774    88  18.441   0.921
   0775    88  18.237   0.741
   0776    88  18.511   0.930
   0776    96  18.490   0.950
   0777    88  18.375   0.770
   0777    96  18.400   0.890
   0778    88  18.224   0.812
   0778    96  18.270   0.810
   0779    88  19.364   1.297
   0780    88  19.797   0.608
   0780    96  19.540   0.840
   0781    88  18.707   0.859
   0781    96  18.600   0.840
   0782    88  18.927   0.771
   0783    88  18.351   1.282
   0784    88  16.268   0.999
   0785    88  18.119   1.224
   0785    96  18.180   1.340
   0786    88  18.618   0.893
   0786    96  18.530   0.800
   0787    88  17.442   1.294
   0787    96  17.450   1.410
   0788    88  18.870   0.799
   0788    96  18.870   0.820
   0789    88  19.355   0.846
   0790    88  19.935   0.697
   0790    96  19.900   0.900
   0791    88  20.791   1.321
   0791    96  20.560   0.970
   0792    88  18.394   1.057
   0792    96  18.370   1.130
   0793    88  17.630   0.968
   0794    88  19.090   0.952
   0794    96  19.140   0.980
   0795    88  19.474   0.981
   0795    96  19.540   1.090
   0796    88  16.448   0.937
   0796    96  16.430   1.080
   0797    88  15.631   1.238
   0798    88  20.103   0.781
   0798    96  20.190   0.930
   0799    88  21.147   0.915
   0800    88  18.099   1.114
   0800    96  18.100   1.220
   0801    88  18.700   0.966
   0802    88  19.527   1.413
   0803    88  18.550   0.940
   0804    88  18.563   1.077
   0805    88  17.638   1.064
   0806    88  18.633   1.221
   0807    88  18.495   0.800
   0807    96  18.520   0.990
   0808    88  17.908   0.886
   0809    88  18.993   1.012
   0810    88  20.774   1.480
   0811    88  18.231   0.840
   0812    88  19.793   1.248
   0813    88  14.968   0.852
   0813    96  14.960   0.920
   0814    88  19.246   0.776
   0814    96  19.310   0.790
   0815    88  19.401   1.017
   0816    88  18.345   1.331
   0816    96  18.190   1.310
   0817    88  18.496   1.244
   0818    88  20.534   1.048
   0819    88  19.409   0.388
   0820    88  16.695   0.874
   0821    88  19.589   1.203
   0822    88  16.128   1.239
   0822    96  16.260   1.380
   0823    88  14.064   1.230
   0823    96  14.030   1.480
   0824    88  22.056   1.818
   0825    88  18.500   0.992
   0825    96  18.630   1.160
   0826    88  18.836   0.931
   0827    88  18.359   0.636
   0827    96  18.260   0.670
   0828    88  19.472   1.272
   0829    88  18.396   1.005
   0829    96  18.390   1.020
   0830    88  16.571   0.965
   0830    96  16.590   1.070
   0831    88  20.832   1.292
   0832    88  17.803   1.216
   0833    88  17.329   0.903
   0834    88  18.126   1.504
   0834    96  18.240   1.250
   0835    88  19.445   0.734
   0836    88  18.562   1.039
   0836    96  18.590   1.020
   0837    88  17.971   1.006
   0837    96  17.790   0.900
   0838    88  18.414   0.841
   0838    96  18.330   0.830
   0839    88  18.660   0.779
   0839    96  18.590   0.800
   0840    88  20.293   1.479
   0841    88  18.610   0.752
   0841    96  18.550   0.840
   0842    88  18.275   0.779
   0843    88  20.231   1.263
   0843    96  20.450   1.510
   0844    88  19.086   0.925
   0844    96  18.920   0.910
   0845    88  18.748   1.098
   0846    88  16.167   1.260
   0846    96  16.180   1.450
   0847    88  16.586   1.059
   0848    88  19.522   0.780
   0848    96  19.350   0.880
   0849    88  18.370   0.870
   0850    88  18.761   0.891
   0851    88  18.975   0.795
   0851    96  19.080   0.850
   0852    88  19.817   0.781
   0852    96  19.750   0.930
   0853    88  19.266   0.964
   0854    88  19.038   1.050
   0854    96  18.760   0.810
   0855    88  18.815   1.275
   0855    96  18.700   1.450
   0856    88  18.974   2.171
   0857    88  19.365   1.117
   0858    88  18.826   0.764
   0858    96  18.730   0.870
   0859    88  19.381   0.975
   0859    96  19.290   0.790
   0860    88  21.228   2.070
   0861    88  19.220   0.754
   0862    88  17.270   1.269
   0862    96  17.300   1.470
   0863    88  17.960   1.054
   0864    88  18.295   0.555
   0864    96  18.180   0.620
   0865    88  19.880   0.954
   0865    96  19.850   0.830
   0866    88  19.375   0.817
   0866    96  19.390   0.860
   0867    88  18.789   1.132
   0868    88  19.192   0.820
   0868    96  19.100   0.810
   0869    88  18.808   1.143
   0869    96  18.910   1.200
   0870    88  20.221   0.935
   0871    88  21.311   2.412
   0872    88  19.147   0.820
   0873    88  18.475   0.735
   0873    96  18.480   0.830
   0874    88  18.599   1.161
   0875    88  19.098   1.147
   0876    88  18.529   0.961
   0876    96  18.550   1.040
   0877    88  20.249   1.446
   0877    96  19.860   0.990
   0878    88  19.231   0.691
   0878    96  19.240   0.860
   0879    88  19.000   0.852
   0880    88  20.933   2.760
   0881    88  18.209   0.554
   0881    96  18.210   0.540
   0882    88  19.041   0.858
   0882    96  18.920   0.890
   0883    88  19.051   0.733
   0883    96  19.060   0.790
   0884    88  17.122   0.862
   0885    88  19.032   0.807
   0885    96  19.010   0.800
   0886    88  20.605   0.867
   0887    88  13.473   0.913
   0888    88  18.638   1.021
   0888    96  18.660   1.090
   0889    88  19.014   0.948
   0889    96  18.880   0.880
   0890    88  19.127   0.733
   0890    96  19.140   0.660
   0891    88  18.778   0.815
   0891    96  18.740   0.810
   0892    88  17.468   1.198
   0892    96  17.480   1.290
   0893    88  19.092   0.525
   0894    88  19.121   0.798
   0894    96  19.120   0.780
   0895    88  18.463   0.796
   0895    96  18.330   0.830
   0896    88  19.302   0.834
   0896    96  19.230   0.850
   0897    88  20.499   0.936
   0898    88  17.944   1.071
   0899    88  19.252   1.357
   0900    88  19.830   0.877
   0901    88  16.967   1.220
   0901    96  16.990   1.380
   0902    88  19.530   0.805
   0903    88  20.098   1.011
   0904    88  18.109   1.273
   0904    96  18.050   1.440
   0905    88  19.424   0.876
   0905    96  19.350   0.820
   0906    88  19.520   0.803
   0907    88  19.695   0.926
   0907    96  19.730   0.850
   0908    88  18.831   0.573
   0908    96  18.750   0.610
   0909    88  19.619   0.881
   0910    88  19.895   1.209
   0911    88  16.592   1.128
   0911    96  16.590   1.260
   0912    88  19.325   1.119
   0913    88  18.219   0.947
   0913    96  18.210   0.960
   0914    88  19.251   1.378
   0915    88  19.908   0.890
   0916    88  18.662   0.998
   0917    88  19.649   0.888
   0918    88  18.584   0.879
   0918    96  18.540   0.880
   0919    88  19.296   0.817
   0920    88  17.507   1.299
   0920    96  17.450   1.460
   0921    88  18.737   0.808
   0921    96  18.650   0.830
   0922    88  20.774   1.053
   0923    88  13.543   1.064
   0924    88  19.093   0.869
   0924    96  19.110   0.800
   0925    88  18.661   1.089
   0926    88  18.959   0.773
   0926    96  18.920   0.810
   0927    88  20.423   1.039
   0928    88  19.316   0.862
   0928    96  19.290   0.840
   0929    88  19.390   0.991
   0930    88  20.421   0.831
   0930    96  20.430   1.010
   0931    88  18.014   0.979
   0931    96  17.990   0.920
   0932    88  18.637   0.688
   0932    96  18.610   0.770
   0933    88  18.371   0.919
   0934    88  18.187   1.012
   0934    96  18.200   0.940
   0935    88  18.470   0.782
   0936    88  18.734   0.803
   0936    96  18.710   0.860
   0937    88  18.453   0.776
   0937    96  18.620   0.860
   0938    88  16.446   0.956
   0938    96  16.420   1.050
   0939    88  19.436   0.858
   0940    88  18.881   1.038
   0941    88  18.732   1.046
   0941    96  18.720   0.840
   0942    88  17.385   1.039
   0942    96  17.380   1.130
   0943    88  19.336   1.074
   0944    88  18.993   2.621
   0944    96  18.990   2.100
   0945    88  20.716   0.958
   0946    88  17.584   1.080
   0947    88  17.012   0.948
   0947    96  16.890   0.930
   0948    88  18.268   1.057
   0949    88  14.165   1.577
   0949    96  14.150   1.870
   0950    88  19.048   0.799
   0950    96  19.030   0.860
   0951    88  18.187   0.796
   0951    96  18.150   0.870
   0952    88  20.148   2.620
   0952    96  20.240   2.210
   0953    88  15.361   0.814
   0954    88  20.085   1.291
   0955    88  20.435   0.641
   0956    88  15.331   1.389
   0956    96  15.350   1.660
   0957    88  17.380   1.225
   0957    96  17.350   1.410
   0958    88  14.824   1.360
   0959    88  18.224   0.959
   0959    96  18.270   0.940
   0960    88  17.786   0.980
   0961    88  19.428   0.762
   0962    88  19.172   0.736
   0962    96  19.160   0.790
   0963    88  18.829   0.883
   0963    96  18.890   1.050
   0964    88  17.293   0.432
   0964    96  17.320   0.380
   0965    88  14.819   1.157
   0966    88  18.920   0.885
   0967    88  18.461   0.928
   0968    88  18.357   0.947
   0968    96  18.360   1.030
   0969    88  19.942   0.957
   0969    96  19.910   0.900
   0970    88  21.037   2.206
   0971    88  20.848   1.326
   0972    88  19.154   0.804
   0972    96  19.120   0.880
   0973    88  15.020   0.278
   0974    88  18.543   0.945
   0975    88  18.655   0.882
   0976    88  18.611   1.205
   0977    88  16.661   1.015
   0978    88  19.201   1.041
   0979    88  20.366   0.512
   0979    96  20.380   0.910
   0980    88  19.374   1.245
   0980    96  19.450   0.880
   0981    88  19.082   0.833
   0981    96  18.980   0.850
   0982    88  19.800   0.785
   0983    88  19.922   0.921
   0984    88  19.016   0.944
   0985    88  18.718   0.905
   0986    88  19.521   0.775
   0987    88  19.931   0.936
   0988    88  19.479   1.195
   0988    96  19.650   1.150
   0989    88  19.513   0.835
   0990    88  18.321   0.795
   0991    88  16.342   1.283
   0992    88  18.594   0.975
   0992    96  18.600   1.060
   0993    88  15.651   0.790
   0993    96  15.620   0.890
   0994    88  17.983   0.785
   0994    96  18.030   0.920
   0995    88  19.415   0.767
   0995    96  19.330   0.800
   0996    88  19.299   0.817
   0996    96  19.180   0.830
   0997    88  17.955   0.842
   0997    96  17.950   0.860
   0998    88  19.994   1.245
   0998    96  20.030   1.350
   0999    88  19.449   1.061
   1000    88  20.044   2.559
   1001    88  15.899   1.356
   1002    88  19.681   0.707
   1003    88  17.862   1.184
   1003    96  17.850   1.490
   1004    88  18.714   0.778
   1005    88  19.208   0.768
   1006    88  14.038   0.679
   1007    88  18.021   0.871
   1007    96  18.010   0.820
   1008    88  19.920   1.172
   1009    88  15.844   0.814
   1010    88  19.769   1.608
   1011    88  15.592   1.213
   1012    88  19.591   0.923
   1013    88  18.461   0.984
   1014    88  19.137   0.526
   1015    88  19.101   0.820
   1015    96  19.120   0.820
   1016    88  17.460   1.038
   1017    88  18.566   0.519
   1018    88  17.918   1.123
   1018    96  17.940   1.100
   1019    88  18.438   1.048
   1020    88  18.776   0.912
   1020    96  18.730   1.070
   1021    88  16.492   0.271
   1021    96  16.460   0.240
   1022    88  20.398   1.578
   1023    88  19.226   0.762
   1023    96  19.260   0.770
   1024    88  18.972   1.209
   1024    96  18.870   0.870
   1025    88  20.128   0.856
   1026    88  18.567   0.844
   1026    96  18.700   0.870
   1027    88  18.501   0.645
   1027    96  18.380   0.720
   1028    88  19.689   0.965
   1029    88  19.149   0.718
   1029    96  19.250   0.830
   1030    88  17.266   1.032
   1031    88  18.506   0.778
   1032    88  19.441   1.411
   1033    88  19.477   0.915
   1033    96  19.500   0.810
   1034    88  18.382   0.888
   1034    96  18.350   0.980
   1035    88  17.791   0.864
   1035    96  17.760   0.880
   1036    88  19.373   1.200
   1037    88  20.104   2.156
   1038    88  20.480   2.369
   1039    88  20.214   0.999
   1040    88  19.747   1.051
   1041    88  19.715   0.973
   1042    88  18.615   0.953
   1042    96  18.540   0.840
   1043    88  19.285   0.714
   1043    96  19.500   1.140
   1044    88  19.064   0.602
   1044    96  19.140   0.810
   1045    88  19.185   0.961
   1046    88  18.614   1.057
   1047    88  18.565   1.041
   1047    96  18.590   1.420
   1048    88  19.580   0.821
   1049    88  20.133   1.696
   1050    88  19.373   1.072
   1051    88  20.073   1.258
   1052    88  19.562   1.069
   1053    88  16.835   1.212
   1053    96  16.800   1.390
   1054    88  21.325   0.896
   1055    88  20.362   0.891
   1055    96  20.330   0.970
   1056    88  20.641   0.966
   1056    96  20.540   1.100
   1057    88  18.602   0.544
   1057    96  18.590   0.630
   1058    88  17.921   1.159
   1058    96  18.020   1.290
   1059    88  18.656   1.051
   1060    88  17.629   0.938
   1061    88  19.391   0.745
   1061    96  19.320   0.820
   1062    88  20.519   2.257
   1063    88  19.498   0.938
   1063    96  19.500   0.860
   1064    88  18.789   1.334
   1065    88  19.253   1.015
   1066    88  19.265   0.987
   1066    96  19.250   1.010
   1067    88  19.953   0.828
   1067    96  19.910   0.870
   1068    88  20.242   0.923
   1069    88  18.619   1.019
   1069    96  18.740   1.230
   1070    88  18.339   0.898
   1070    96  18.390   1.010
   1071    88  20.231   2.659
   1072    88  18.753   1.049
   1073    88  18.698   0.886
   1074    88  16.398   0.930
   1075    88  19.813   1.339
   1075    96  19.260   0.810
   1076    88  19.771   1.179
   1077    88  18.650   0.946
   1078    88  19.876   0.904
   1079    88  18.491   0.779
   1079    96  18.530   0.840
   1080    88  19.895   1.837
   1081    88  16.120   1.350
   1081    96  16.150   1.590
   1082    88  19.323   0.829
   1082    96  19.210   0.820
   1083    88  20.621   0.867
   1084    88  19.198   0.785
   1084    96  19.190   0.840
   1085    88  18.361   0.790
   1085    96  18.440   0.910
   1086    88  21.445   2.709
   1087    88  19.522   0.764
   1087    96  19.530   0.820
   1088    88  18.891   0.797
   1088    96  18.810   0.870
   1089    88  16.993   1.161
   1089    96  17.010   1.270
   1090    88  19.091   1.576
   1091    88  18.425   0.890
   1092    88  14.463   0.647
   1093    88  18.725   0.959
   1094    88  16.220   1.390
   1095    88  19.170   1.089
   1095    96  19.170   1.210
   1096    88  19.281   0.772
   1097    88  19.447   0.910
   1097    96  19.450   0.870
   1098    88  18.917   1.133
   1099    88  19.085   0.885
   1099    96  19.020   0.830
   1100    88  17.483   0.880
   1101    88  18.323   0.897
   1101    96  18.250   1.030
   1102    88  17.461   0.875
   1103    88  19.498   0.893
   1104    88  19.349   1.060
   1105    88  19.527   1.198
   1106    88  20.535   1.535
   1107    88  18.614   0.820
   1107    96  18.620   0.820
   1108    88  17.959   1.267
   1108    96  18.010   1.610
   1109    88  18.673   0.842
   1109    96  18.690   0.780
   1110    88  19.147   0.894
   1111    88  16.620   1.067
   1112    88  18.099   1.130
   1113    88  20.211   1.145
   1114    88  19.620   1.145
   1114    96  19.780   1.350
   1115    88  19.713   0.820
   1116    88  16.914   1.268
   1116    96  16.950   1.470
   1117    88  17.869   0.855
   1117    96  17.910   0.830
   1118    88  20.075   1.089
   1118    96  20.060   1.200
   1119    88  20.543   0.868
   1120    88  20.292   1.451
   1121    88  20.002   1.013
   1122    88  22.283   2.111
   1123    88  16.096   1.196
   1123    96  16.110   1.290
   1124    88  17.603   1.200
   1124    96  17.630   1.460
   1125    88  21.550   1.999
   1126    88  16.981   0.963
   1126    96  16.980   1.040
   1127    88  18.701   1.251
   1128    88  20.362   1.431
   1129    88  19.426   0.846
   1129    96  19.380   0.770
   1130    88  15.407   1.007
   1131    88  16.560   1.433
   1132    88  19.239   1.383
   1133    88  18.732   1.151
   1133    96  18.750   1.200
   1134    88  19.131   0.873
   1135    88  20.230   1.114
   1136    88  16.883   1.215
   1136    96  16.910   1.390
   1137    88  19.274   1.094
   1138    88  18.723   0.932
   1138    96  18.760   0.950
   1139    88  18.728   1.127
   1140    88  19.460   0.675
   1140    96  19.310   0.820
   1141    88  17.146   1.050
   1142    88  18.491   0.919
   1142    96  18.470   0.930
   1143    88  18.814   1.199
   1143    96  18.800   1.260
   1144    88  15.603   0.996
   1145    88  20.018   0.917
   1145    96  19.970   0.970
   1146    88  19.655   0.841
   1147    88  16.834   0.929
   1147    96  16.850   0.960
   1148    88  17.086   0.787
   1148    96  17.080   0.820
   1149    88  19.384   0.805
   1150    88  19.607   1.557
   1151    88  19.515   0.889
   1151    96  19.410   0.760
   1152    88  19.147   1.320
   1153    88  18.386   1.046
   1154    88  19.690   1.248
   1155    88  18.378   0.723
   1156    88  19.917   0.718
   1157    88  18.817   1.052
   1157    96  18.720   1.120
   1158    88  18.989   0.531
   1159    88  15.481   0.820
   1159    96  15.450   0.900
   1160    88  19.230   0.709
   1160    96  19.230   0.810
   1161    88  17.374   0.949
   1162    88  18.066   1.042
   1163    88  18.299   1.247
   1164    88  19.851   0.821
   1164    96  19.790   0.870
   1165    88  18.570   1.095
   1165    96  18.660   1.270
   1166    88  19.621   0.663
   1166    96  19.590   1.030
   1167    88  21.032   1.838
   1168    88  19.233   0.826
   1169    88  20.274   1.563
   1169    96  20.380   1.840
   1170    88  18.156   0.657
   1170    96  18.160   0.700
   1171    88  18.580   0.921
   1172    88  16.516   0.990
   1172    96  16.520   1.060
   1173    88  18.483   1.159
   1173    96  18.480   1.290
   1174    88  18.449   0.796
   1175    88  19.453   0.924
   1175    96  19.410   0.990
   1176    88  18.552   1.403
   1176    96  18.630   1.300
   1177    88  18.753   1.064
   1177    96  18.890   0.840
   1178    88  19.038   0.746
   1178    96  19.030   0.840
   1179    88  18.146   0.920
   1179    96  18.460   1.290
   1180    88  19.523   1.061
   1181    88  20.412   1.029
   1182    88  18.388   0.933
   1183    88  15.976   1.387
   1183    96  15.960   1.640
   1184    88  17.540   1.263
   1185    88  17.568   1.013
   1186    88  19.683   1.077
   1187    88  19.583   1.294
   1188    88  18.910   0.805
   1188    96  18.850   0.850
   1189    88  17.985   1.187
   1190    88  20.472   1.188
   1191    88  21.214   0.987
   1192    88  16.969   0.262
   1192    96  16.970   0.290
   1193    88  21.206   1.574
   1193    96  20.900   1.140
   1194    88  19.513   0.915
   1195    88  19.120   1.666
   1196    88  18.679   0.801
   1196    96  18.740   0.800
   1197    88  19.767   1.549
   1197    96  19.870   1.140
   1198    88  18.583   1.132
   1199    88  18.978   0.862
   1199    96  18.950   0.900
   1200    88  18.541   0.910
   1200    96  18.560   0.890
   1201    88  20.706   0.898
   1202    88  18.234   0.920
   1203    88  18.872   1.095
   1203    96  18.860   1.170
   1204    88  18.427   0.936
   1205    88  20.132   1.182
   1206    88  19.014   1.021
   1207    88  20.758   1.228
   1208    88  19.838   0.984
   1209    88  14.357   2.979
   1209    96  14.480   2.460
   1210    88  18.935   0.647
   1210    96  19.080   0.810
   1211    88  19.908   1.150
   1212    88  18.227   0.870
   1213    88  19.305   1.101
   1213    96  19.240   1.130
   1214    88  20.307   0.668
   1214    96  20.250   0.770
   1215    88  20.508   1.466
   1216    88  20.579   1.133
   1217    88  18.874   1.313
   1217    96  18.880   1.370
   1218    88  19.275   1.069
   1219    88  19.626   0.829
   1219    96  19.630   0.740
   1220    88  17.948   1.059
   1221    88  19.456   0.837
   1222    88  21.647   0.924
   1223    88  20.349   0.749
   1224    88  19.630   1.200
   1224    96  19.740   1.560
   1225    88  21.288   1.167
   1226    88  19.551   0.898
   1227    88  18.554   1.007
   1228    88  14.925   1.648
   1228    96  14.910   2.030
   1229    88  19.363   0.821
   1230    88  15.936   0.901
   1230    96  15.850   0.890
   1231    88  19.502   0.866
   1232    88  19.079   0.767
   1233    88  20.314   1.137
   1234    88  18.781   0.918
   1234    96  18.720   0.910
   1235    88  19.061   0.994
   1236    88  19.441   1.140
   1237    88  17.796   1.422
   1238    88  20.081   2.400
   1238    96  20.090   2.220
   1239    88  19.180   1.964
   1239    96  19.160   1.980
   1240    88  17.105   0.941
   1240    96  17.090   1.020
   1241    88  16.067   0.924
   1242    88  19.748   0.909
   1243    88  19.263   0.760
   1243    96  19.250   0.840
   1244    88  19.828   1.265
   1245    88  15.574   0.685
   1246    88  19.248   0.946
   1247    88  19.316   0.903
   1247    96  19.310   0.870
   1248    88  17.465   1.436
   1249    88  19.436   0.942
   1249    96  19.390   0.820
   1250    88  19.529   0.904
   1250    96  19.520   0.910
   1251    88  17.860   1.137
   1252    88  19.167   0.793
   1252    96  19.170   0.820
   1253    88  21.388   1.571
   1254    88  16.545   1.299
   1255    88  18.836   1.016
   1255    96  18.840   1.180
   1256    88  16.878   1.327
   1257    88  18.968   1.143
   1258    88  17.180   0.918
   1259    88  18.070   1.048
   1259    96  18.070   1.170
   1260    88  18.501   1.177
   1261    88  19.553   1.903
   1262    88  17.969   1.197
   1262    96  17.960   1.370
   1263    88  18.082   0.845
   1263    96  18.120   0.910
   1264    88  19.482   1.477
   1265    88  17.164   1.020
   1266    88  20.808   2.038
   1267    88  17.371   1.005
   1268    88  18.802   0.876
   1268    96  18.780   0.800
   1269    88  19.539   1.238
   1270    88  20.711   1.421
   1271    88  18.538   0.973
   1271    96  18.570   0.990
   1272    88  19.410   1.121
   1273    88  16.244   0.925
   1274    88  17.206   0.910
   1274    96  17.210   0.950
   1275    88  18.443   0.912
   1276    88  19.360   0.920
   1276    96  19.420   0.850
   1277    88  18.574   0.621
   1278    88  19.881   0.780
   1278    96  19.840   0.890
   1279    88  19.206   0.809
   1279    96  19.210   0.830
   1280    88  19.892   0.856
   1281    88  18.586   1.150
   1281    96  18.540   1.300
   1282    88  18.638   0.750
   1283    88  19.895   0.941
   1283    96  19.870   0.800
   1284    88  19.476   0.880
   1284    96  19.380   0.800
   1285    88  18.904   0.783
   1285    96  18.920   0.840
   1286    88  20.451   1.193
   1287    88  18.695   0.918
   1287    96  18.700   0.940
   1288    88  18.868   1.058
   1289    88  19.819   0.676
   1289    96  19.830   0.770
   1290    88  17.212   1.263
   1290    96  17.120   1.470
   1291    88  17.241   1.283
   1292    88  15.773   1.177
   1293    88  20.521   1.077
   1293    96  20.440   0.880
   1294    88  20.092   0.987
   1295    88  21.613   1.398
   1296    88  16.687   1.335
   1297    88  19.451   1.136
   1297    96  19.530   1.140
   1298    88  21.808   1.983
   1299    88  20.475   0.968
   1300    88  14.678   1.364
   1300    96  14.700   1.550
   1301    88  20.032   0.995
   1302    88  18.641   0.896
   1302    96  18.600   0.840
   1303    88  19.781   0.909
   1304    88  16.871   1.285
   1305    88  20.724   0.886
   1306    88  18.050   1.303
   1306    96  18.030   1.410
   1307    88  16.595   0.872
   1307    96  16.550   0.960
   1308    88  18.552   0.938
   1308    96  18.520   0.990
   1309    88  19.518   0.876
   1309    96  19.480   0.910
   1310    88  16.842   0.828
   1311    88  20.431   1.481
   1312    88  18.689   1.022
   1313    88  18.598   1.133
   1313    96  18.600   1.320
   1314    88  21.735   1.778
   1315    88  19.575   0.860
   1315    96  19.560   0.830
   1316    88  16.534   1.209
   1317    88  19.226   0.777
   1318    88  19.294   1.198
   1319    88  15.493   0.439
   1320    88  18.197   0.967
   1321    88  17.039   0.873
   1322    88  18.797   1.041
   1322    96  18.760   1.140
   1323    88  20.444   0.935
   1324    88  20.141   1.091
   1325    88  18.562   0.971
   1325    96  18.530   0.980
   1326    88  20.739   0.972
   1327    88  17.968   0.968
   1327    96  17.930   1.080
   1328    88  18.793   0.865
   1329    88  20.001   0.846
   1330    88  18.556   0.917
   1330    96  18.510   0.980
   1331    88  18.433   0.984
   1332    88  18.158   0.835
   1333    88  19.662   1.087
   1333    96  19.660   1.170
   1334    88  20.399   0.925
   1334    96  20.330   1.050
   1335    88  18.091   1.256
   1336    88  19.781   1.655
   1337    88  19.330   0.935
   1337    96  19.300   0.980
   1338    88  13.814   1.422
   1339    88  20.850   0.966
   1340    88  18.769   1.309
   1340    96  18.950   1.280
   1341    88  17.921   0.927
   1342    88  17.876   1.101
   1343    88  19.268   0.978
   1343    96  19.220   1.180
   1344    88  19.783   1.663
   1345    88  19.125   0.805
   1345    96  19.220   0.850
   1346    88  19.533   0.835
   1346    96  19.480   0.820
   1347    88  20.537   1.610
   1348    88  18.524   1.261
   1349    88  19.261   0.833
   1349    96  19.300   0.830
   1350    88  19.592   0.860
   1351    88  19.715   1.388
   1352    88  20.844   0.947
   1353    88  19.851   1.280
   1354    88  19.818   0.742
   1355    88  16.485   0.889
   1356    88  18.893   1.588
   1357    88  18.044   1.075
   1358    88  21.134   1.205
   1359    88  18.087   0.822
   1359    96  18.070   0.910
   1360    88  21.764   1.684
   1361    88  19.477   0.932
   1361    96  19.460   0.900
   1362    88  19.480   0.873
   1363    88  21.406   1.590
   1364    88  19.800   0.961
   1365    88  18.397   1.072
   1366    88  20.763   1.407
   1367    88  19.508   1.019
   1368    88  17.197   0.987
   1368    96  17.160   1.130
   1369    88  18.382   0.866
   1369    96  18.340   0.970
   1370    88  19.834   0.740
   1370    96  19.830   0.860
   1371    88  19.117   0.998
   1372    88  19.783   0.799
   1372    96  19.750   0.810
   1373    88  19.400   0.838
   1373    96  19.330   0.810
   1374    88  19.843   1.015
   1375    88  19.046   1.221
   1376    88  19.579   0.981
   1377    88  19.910   1.130
   1378    88  17.968   0.811
   1378    96  17.940   0.870
   1379    88  19.502   0.811
   1380    88  17.420   1.321
   1381    88  18.496   0.994
   1381    96  18.510   1.010
   1382    88  20.224   0.997
   1382    96  20.100   0.840
   1383    88  19.964   0.639
   1383    96  19.950   0.900
   1384    88  20.074   1.157
   1385    88  18.692   0.962
   1386    88  16.448   1.231
   1387    88  19.763   0.825
   1388    88  17.273   1.126
   1389    88  19.200   0.963
   1390    88  20.398   0.904
   1391    88  19.928   1.564
   1392    88  18.309   0.892
   1393    88  18.732   1.210
   1394    88  17.982   1.271
   1395    88  19.118   0.824
   1396    88  18.750   1.134
   1397    88  17.680   0.871
   1398    88  17.505   1.050
   1399    88  17.278   1.674
   1400    88  19.485   1.029
   1401    88  19.685   0.687
   1402    88  20.637   0.983
   1403    88  19.266   0.875
   1404    88  18.659   1.142
   1405    88  19.388   1.023
   1406    88  18.876   1.033
   1407    88  18.334   0.818
   1408    88  19.217   0.859
   1409    88  18.268   0.905
   1410    88  20.438   0.791
   1411    88  20.233   1.129
   1412    88  21.323   1.507
   1413    88  18.529   1.204
   1414    88  19.333   0.806
   1415    88  19.578   0.931
   1416    88  18.317   1.171
   1417    88  18.635   1.025
   1418    88  15.184   0.916
   1419    88  15.397   1.015
   1420    88  19.857   1.009
   1421    88  19.954   0.970
   1422    88  18.169   1.025
   1423    88  19.916   1.149
   1424    88  19.855   2.090
   1425    88  17.677   1.137
   1426    88  21.488   1.112
   1427    88  16.853   1.145
   1428    88  19.765   0.800
   1429    88  21.279   1.797
   1430    88  19.989   1.107
   1431    88  18.325   1.331
   1432    88  19.424   0.722
   1433    88  17.001   0.921
   1434    88  20.016   0.987
   1435    88  20.145   1.516
   1436    88  19.052   0.943
   1437    88  19.592   0.901
   1438    88  18.162   1.168
   1439    88  18.514   0.815
   1440    88  19.614   0.871
   1441    88  16.376   0.784
   1442    88  18.435   1.073
   1443    88  18.614   0.985
   1444    88  18.942   0.935
   1445    88  19.295   0.861
   1446    88  21.296   0.970
   1447    88  17.743   0.972
   1448    88  12.801   1.566
   1449    88  19.156   2.518
   1450    88  20.443   0.545
   1451    88  19.450   1.073
   1452    88  17.431   0.821
   1453    88  19.632   0.963
   1454    88  16.856   0.888
   1455    88  21.244   1.726
   1456    88  19.386   0.897
   1457    88  21.203   0.986
   1458    88  16.262   1.384
   1459    88  19.540   1.355
   1460    88  20.636   1.790
   1461    88  21.933   2.854
   1462    88  19.010   0.848
   1463    88  17.182   1.069
   1464    88  13.314   1.540
   1465    88  17.888   1.080
   1466    88  18.833   1.121
   1467    88  19.114   1.652
   1468    88  21.344   1.250
   1469    88  16.609   0.978
   1470    88  17.641   1.082
   1471    88  16.348   1.392
   1472    88  19.724   0.911
   1473    88  19.571   0.855
   1474    88  20.330   1.596
   1475    88  19.272   1.294
   1476    88  20.683   1.012
   1477    88  18.720   1.166
   1478    88  19.230   1.375
   1479    88  19.676   1.630
   1480    88  19.855   0.939
   1481    88  18.948   0.956
   1482    88  18.147   0.970
   1483    88  18.939   1.149
   1484    88  19.073   0.862
   1485    88  19.289   0.844
   1486    88  18.483   1.018
   1487    88  21.571   1.359
   1488    88  20.665   0.682
   1489    88  19.804   0.849
   1490    88  19.045   1.347
   1491    88  18.036   0.949
   1492    88  18.609   0.991
   1493    88  19.023   1.039
   1494    88  16.273   0.964
   1495    88  18.453   1.191
   1496    88  20.706   0.916
   1497    88  19.668   0.759
   1498    88  20.043   0.881
   1499    88  20.434   1.283
   1500    88  20.676   1.067
   1501    88  21.393   1.186
   1502    88  19.015   0.997
   1503    88  19.980   0.968
   1504    88  20.287   0.838
   1505    88  18.644   0.876
   1506    88  17.482   1.015
   1507    88  18.587   0.781
   1508    88  21.221   1.436
   1509    88  17.556   0.825
   1510    88  17.529   1.241
   1511    88  18.479   1.114
   1512    88  18.513   1.051
   1513    88  17.872   1.209
   1514    88  16.788   1.295
   1515    88  20.087   0.950
   1516    88  19.823   1.081
   1517    88  20.466   1.366
   1518    88  17.723   1.221
   1519    88  20.096   1.134
   1520    88  19.399   1.191
   1521    88  19.462   0.811
   1522    88  21.343   1.561
   1523    88  18.064   1.009
   1524    88  18.318   0.929
   1525    88  19.279   0.862
   1526    88  19.861   0.872
   1527    88  16.239   0.787
   1528    88  19.322   1.039
   1529    88  18.543   0.932
   1530    88  20.037   1.050
   1531    88  17.940   1.008
   1532    88  21.840   1.211
   1533    88  16.802   0.847
   1534    88  21.558   1.920
   1535    88  19.111   1.101
   1536    88  19.429   0.898
   1537    88  20.206   1.466
   1538    88  18.068   1.050
   1539    88  18.772   0.959
   1540    88  19.790   0.915
   1541    88  18.592   1.278
   1542    88  19.082   0.804
   1543    88  19.156   1.097
   1544    88  17.305   0.807
   1545    88  18.077   1.416
   1546    88  19.677   0.936
   1547    88  15.328   1.050
   1548    88  19.036   0.954
   1549    88  18.039   0.986
   1550    88  17.816   0.972
   1551    88  18.458   0.845
   1552    88  17.933   0.939
   1553    88  17.038   0.708
   1554    88  19.564   0.863
   1555    88  16.098   0.916
   1556    88  19.150   1.032
   1557    88  19.066   0.799
   1558    88  19.544   0.677
   1559    88  15.098   1.730
   1560    88  20.030   1.639
   1561    88  18.623   0.849
   1562    88  20.020   1.267
   1563    88  18.042   1.047
   1564    88  14.783   1.408
   1565    88  17.255   0.782
   1566    88  19.756   0.854
   1567    88  17.576   1.205
   1568    88  18.366   0.784
   1569    88  17.648   1.230
   1570    88  18.386   0.810
   1571    88  17.569   0.850
   1572    88  16.642   0.827
   1573    88  18.121   1.011
   1574    88  19.439   0.973
   1575    88  17.374   1.319
   1576    88  20.937   1.463
   1577    88  16.090   1.340
   1578    88  18.356   1.429
   1579    88  18.728   2.203
   1580    88  18.731   0.849
   1581    88  16.385   1.052
   1582    88  20.152   1.185
   1583    88  16.755   0.974
   1584    88  20.949   0.952
   1585    88  18.998   1.270
   1586    88  15.672   1.427
   1587    88  19.660   0.808
   1588    88  19.091   1.296
   1589    88  20.890   1.335
   1590    88  21.332   1.388
   1591    88  17.100   0.914
   1592    88  19.827   1.194
   1593    88  19.183   1.140
   1594    88  19.020   0.988
   1595    88  20.039   0.908
   1596    88  18.676   1.090
   1597    88  17.593   0.965
   1598    88  18.615   1.250
   1599    88  20.089   0.820
   1600    88  18.443   1.088
   1601    88  20.365   1.261
   1602    88  16.047   1.379
   1603    88  19.841   0.760
   1604    88  15.711   0.859
   1605    88  15.635   1.350
   1606    88  17.800   0.903
   1607    88  18.745   0.976
   1608    88  16.861   1.237
   1609    88  20.793   1.103
   1610    88  19.930   1.041
   1611    88  20.387   0.813
   1612    88  14.836   0.833
   1613    88  19.711   0.976
   1614    88  17.260   1.025
   1615    88  18.606   1.046
   1616    88  18.301   0.961
   1617    88  18.265   1.035
   1618    88  18.613   0.976
   1619    88  18.389   1.238
   1620    88  18.698   1.059
   1621    88  19.877   1.023
   1622    88  20.266   2.218
   1623    88  18.554   1.205
   1624    88  18.545   0.790
   1625    88  19.432   1.233
   1626    88  19.964   1.106
   1627    88  18.605   1.201
   1628    88  19.438   1.054
   1629    88  19.305   0.623
   1630    88  18.017   1.074
   1631    88  18.947   1.028
   1632    88  19.426   0.991
   1633    88  20.091   0.825
   1634    88  18.935   0.971
   1635    88  21.024   2.233
   1636    88  20.684   1.826
   1637    88  20.169   0.889
   1638    88  17.322   0.905
   1639    88  19.876   0.818
   1640    88  20.576   1.019
   1641    88  18.967   0.855
   1642    88  18.407   0.864
   1643    88  13.518   1.637
   1644    88  17.976   0.963
   1645    88  19.708   0.751
   1646    88  19.507   1.034
   1647    88  18.526   0.746
   1648    88  17.994   0.898
   1649    88  18.832   1.088
   1650    88  18.858   1.260
   1651    88  19.761   0.835
   1652    88  19.520   1.124
   1653    88  17.377   0.870
   1654    88  19.492   0.838
   1655    88  19.246   1.392
   1656    88  18.948   0.830
   1657    88  21.073   1.227
   1658    88  21.053   1.651
   1659    88  20.998   0.910
   1660    88  18.876   1.092
   1661    88  19.871   1.604
   1662    88  18.553   0.920
   1663    88  20.406   1.150
   1664    88  19.469   1.035
   1665    88  19.736   1.103
   1666    88  18.169   1.234
   1667    88  17.221   1.220
   1668    88  18.194   0.925
   1669    88  19.010   0.788
   1670    88  18.982   1.092
   1671    88  19.097   1.075
   1672    88  18.410   0.934
   1673    88  19.354   1.336
   1674    88  18.794   0.861
   1675    88  18.716   1.099
   1676    88  19.727   1.081
   1677    88  20.136   1.345
   1678    88  18.802   1.002
   1679    88  19.921   1.300
   1680    88  18.974   1.183
   1681    88  21.454   1.368
   1682    88  20.913   1.544
   1683    88  21.019   2.921
   1684    88  20.349   0.942
   1685    88  19.190   1.026
   1686    88  18.932   0.604
   1687    88  19.370   0.910
   1688    88  17.698   0.970
   1689    88  19.764   0.804
   1690    88  18.368   1.035
   1691    88  19.372   1.214
   1692    88  19.458   0.783
   1693    88  19.748   1.019
   1694    88  20.664   1.978
   1695    88  20.208   1.202
   1696    88  21.133   1.415
   1697    88  19.833   1.019
   1698    88  21.315   2.170
   1699    88  17.106   0.968
   1700    88  18.782   1.020
   1701    88  19.490   0.822
   1702    88  16.800   0.958
   1703    88  19.399   1.196
   1704    88  19.348   1.196
   1705    88  20.455   1.539
   1706    88  20.288   1.000
   1707    88  20.931   2.339
   1708    88  19.974   1.977
   1709    88  18.117   1.137
   1710    88  16.667   0.898
   1711    88  19.530   0.938
   1712    88  19.616   0.803
   1713    88  19.545   1.309
   1714    88  18.480   0.987
   1715    88  18.112   0.793
   1716    88  20.397   1.143
   1717    88  17.918   1.036
   1718    88  20.933   0.990
   1719    88  18.341   0.856
   1720    88  20.541   1.014
   1721    88  20.175   1.457
   1722    88  19.438   0.969
   1723    88  18.157   0.823
   1724    88  20.170   1.383
   1725    88  20.527   2.129
   1726    88  15.217   0.803
   1727    88  19.001   0.978
   1728    88  19.855   0.920
   1729    88  19.431   1.062
   1730    88  19.296   1.298
   1731    88  17.751   0.927
   1732    88  19.437   1.026
   1733    88  20.257   0.998
   1734    88  18.816   0.857
   1735    88  17.370   0.909
   1736    88  20.519   0.720
   1737    88  19.621   0.953
   1738    88  18.930   0.762
   1739    88  17.858   1.493
   1740    88  21.228   1.109
   1741    88  19.821   1.581
   1742    88  17.586   1.030
   1743    88  17.826   1.012
   1744    88  20.775   0.893
   1745    88  20.605   1.728
   1746    88  18.311   1.034
   1747    88  18.967   1.101
   1748    88  17.786   0.960
   1749    88  13.902   0.844
   1750    88  11.613   0.400
   1751    88  15.987   1.014
   1752    88  14.853   0.920
   1753    88  17.692   0.959
   1754    88  21.009   1.305
   1755    88  19.033   0.730
   1756    88  14.600   0.609
   1757    88  17.441   1.049
   1758    88  19.406   0.901
   1759    88  20.525   1.527
   1760    88  19.808   1.036
   1761    88  18.908   0.806
   1762    88  16.696   0.821
   1763    88  20.532   1.212
   1764    88  20.601   1.927
   1765    88  21.243   2.127
   1766    88  19.726   1.047
   1767    88  19.322   1.119
   1768    88  18.835   0.950
   1769    88  18.619   1.068
   1770    88  18.944   0.956
   1771    88  16.324   1.009
   1772    88  15.659   0.828
   1773    88  18.866   1.006
   1774    88  18.998   1.173
   1775    88  18.231   1.798
   1776    88  19.313   0.875
   1777    88  21.180   1.673
   1778    88  18.848   0.846
   1779    88  17.964   0.960
   1780    88  18.382   1.034
   1781    88  15.729   1.239
   1782    88  16.675   1.129
   1783    88  19.292   0.894
   1784    88  16.857   0.872
   1785    88  17.084   1.011
   1786    88  19.608   0.865
   1787    88  18.431   1.015
   1788    88  21.059   1.942
   1789    88  19.485   1.410
   1790    88  16.398   1.216
   1791    88  18.571   1.220
   1792    88  20.456   1.360
   1793    88  15.398   0.970
   1794    88  17.464   0.910
   1795    88  16.054   1.295
   1796    88  19.770   1.363
   1797    88  19.774   0.677
   1798    88  18.946   0.769
   1799    88  18.956   1.177
   1800    88  16.874   1.095
   1801    88  18.000   0.684
   1802    88  19.834   1.381
   1803    88  19.133   1.509
   1804    88  19.311   0.997
   1805    96  21.420   1.150
   1806    96  19.970   0.900
   1807    96  19.630   1.140
   1808    96  19.450   0.780
   1809    96  17.450   0.790
   1810    96  20.310   1.470
   1811    96  19.940   1.200
   1812    96  19.920   0.840
   1813    96  20.090   0.970
   1814    96  20.340   1.230
   1815    96  19.650   0.900
   1816    96  19.980   0.920
   1817    96  19.770   0.920
   1818    96  20.050   0.840
   1819    96  19.530   0.890
   1820    96  18.580   0.870
   1821    96  19.610   0.840
   1822    96  20.000   0.890
   1823    96  22.730   0.770
   1824    96  21.580   1.160
   1825    96  21.870   1.570
   1826    96  22.000   1.510
   1827    96  19.480   1.270
   1828    96  20.830   0.950
   1829    96  21.050   1.610
   1830    96  21.290   0.850
   1831    96  20.140   0.850
   1832    96  19.420   0.820
   1833    96  22.860   1.050
   1834    96  19.690   0.950
   1835    96  20.360   1.000
   1836    96  21.660   2.270
   1837    96  20.650   0.980
   1838    96  19.820   1.390
   1839    96  20.680   0.990
   1840    96  19.140   0.800
   1841    96  20.630   0.980
   1842    96  21.810   0.960
   1843    96  21.290   1.020
   1844    96  20.620   0.940
   1845    96  19.520   0.780
   1846    96  21.410   1.090
   1847    96  18.800   1.360
   1848    96  20.740   1.030
   1849    96  21.740   0.930
   1850    96  20.370   1.080
   1851    96  21.640   0.830
   1852    96  21.530   1.230
   1853    96  20.080   0.930
   1854    96  20.130   0.980
   1855    96  21.370   1.730
   1856    96  20.550   1.260
   1857    96  20.830   0.860
   1858    96  20.910   1.060
   1859    96  19.880   0.820
   1860    96  20.320   0.980
   1861    96  19.250   0.810
   1862    96  21.420   1.170
   1863    96  20.700   0.990
   1864    96  21.510   1.360
   1865    96  20.870   0.940
   1866    96  21.790   1.130
   1867    96  20.470   1.290
   1868    96  20.980   1.150
   1869    96  20.470   0.940
   1870    96  21.280   1.130
   1871    96  19.490   1.110
   1872    96  20.700   0.780
   1873    96  19.230   0.910
   1874    96  19.390   1.710
   1875    96  19.710   0.850
   1876    96  19.550   0.910
   1877    96  20.040   0.830
   1878    96  20.530   0.830
   1879    96  19.660   0.780
   1880    96  19.840   0.820
   1881    96  19.460   1.110
   1882    96  19.790   0.820
   1883    96  19.360   1.240
   1884    96  22.040   1.250
   1885    96  20.190   0.930
   1886    96  21.050   1.180
   1887    96  20.470   1.120
   1888    96  20.730   0.990
   1889    96  20.030   1.070
   1890    96  20.800   1.050
   1891    96  20.450   1.130
   1892    96  22.110   1.540
   1893    96  20.360   1.040
   1894    96  21.950   1.560
   1895    96  19.880   0.930
   1896    96  19.740   0.860
   1897    96  19.820   0.770
   1898    96  20.210   0.910
   1899    96  20.650   0.860
   1900    96  20.410   1.050
   1901    96  20.920   1.200
   1902    96  20.350   1.140
   1903    96  19.810   0.930
   1904    96  17.360   1.600
   1905    96  17.100   1.440
   1906    96  19.420   0.900
   1907    96  19.320   0.780
   1908    96  20.850   1.140
   1909    96  19.470   0.770
   1910    96  18.970   0.820
   1911    96  20.290   0.960
   1912    96  21.360   1.090
   1913    96  21.210   1.020
   1914    96  20.410   1.070
   1915    96  20.360   0.980
   1916    96  20.250   0.900
   1917    96  20.190   0.910
   1918    96  20.420   1.030
   1919    96  19.630   0.820
   1920    96  19.520   0.830
   1921    96  20.300   0.900
   1922    96  19.820   0.810
   1923    96  19.980   0.940
   1924    96  20.410   0.940
   1925    96  20.610   1.080
   1926    96  20.970   1.100
   1927    96  20.130   0.880
   1928    96  19.770   0.770
   1929    96  20.220   0.940
   1930    96  19.780   0.930
   1931    96  20.090   0.910
   1932    96  20.040   0.940
   1933    96  19.940   1.010
   1934    96  19.940   0.880
   1935    96  20.750   0.940
   1936    96  19.860   0.830
   1937    96  21.290   1.180
   1938    96  20.060   0.940
   1939    96  19.050   0.810
   1940    96  21.950   2.280
   1941    96  20.780   0.940
   1942    96  20.340   1.300
   1943    96  20.930   0.910
   1944    96  19.250   0.840
   1945    96  19.690   0.810
   1946    96  20.340   0.930
   1947    96  20.230   0.920
   1948    96  21.780   1.430
   1949    96  19.880   0.900
   1950    96  19.900   0.890
   1951    96  19.580   0.900
   1952    96  20.840   0.940
   1953    96  20.330   0.980
   1954    96  19.830   0.910
   1955    96  21.990   1.810
   1956    96  20.740   1.060
   1957    96  19.880   0.850
   1958    96  20.130   0.940
   1959    96  19.580   0.910
   1960    96  20.820   1.060
   1961    96  21.340   1.050
   1962    96  20.830   0.950
   1963    96  19.680   0.790
   1964    96  20.820   1.680
   1965    96  19.340   0.790
   1966    96  20.510   0.960
   1967    96  20.990   1.020
   1968    96  20.360   0.910
   1969    96  21.560   1.240
   1970    96  21.720   1.430
   1971    96  20.190   0.930
   1972    96  19.750   0.910
   1973    96  20.180   0.850
   1974    96  18.550   0.840
   1975    96  18.540   1.260
   1976    96  20.930   1.210
   1977    96  19.600   1.400
   1978    96  21.500   1.020
   1979    96  20.340   0.930
   1980    96  21.120   1.290
   1981    96  20.980   1.030
   1982    96  20.340   0.890
   1983    96  21.260   1.250
   1984    96  19.730   0.870
   1985    96  21.530   1.200
   1986    96  19.610   0.970
   1987    96  20.480   0.820
   1988    96  20.090   1.150
   1989    96  20.330   1.180
   1990    96  19.280   0.670
   1991    96  21.160   1.330
   1992    96  20.470   1.220
   1993    96  20.290   0.920
   1994    96  21.650   1.200
   1995    96  19.560   0.770
   1996    96  19.870   1.050
   1997    96  21.880   0.770
   1998    96  20.460   1.780
   1999    96  21.790   1.140
   2000    96  20.280   1.240
   2001    96  20.450   0.860
   2002    96  21.120   1.160
   2003    96  20.400   0.810
   2004    96  21.800   1.440
   2005    96  20.270   0.870
   2006    96  21.040   1.010
   2007    96  21.620   1.480
   2008    96  20.830   0.840
   2009    96  19.820   1.350
   2010    96  20.290   0.880
   2011    96  21.180   1.150
   2012    96  20.760   1.000
   2013    96  20.300   0.830
   2014    96  20.390   0.970
   2015    96  21.010   0.920
   2016    96  20.260   1.040
   2017    96  19.400   0.830
   2018    96  20.510   0.830
   2019    96  20.320   0.820
   2020    96  18.660   0.790
   2021    96  19.990   1.050
   2022    96  20.180   1.030
   2023    96  19.310   0.800
   2024    96  19.170   0.880
   2025    96  18.470   1.290
   2026    96  19.260   0.860
   2027    96  18.310   1.230
   2028    96  20.330   0.970
   2029    96  19.600   0.850
   2030    96  21.830   1.440
   2031    96  19.730   0.940
   2032    96  19.740   0.780
   2033    96  18.960   0.790
   2034    96  19.650   0.770
   2035    96  19.280   0.770
   2036    96  18.320   1.290
   2037    96  19.910   1.040
   2038    96  19.870   1.020
   2039    96  20.440   1.220
   2040    96  19.500   0.780
   2041    96  17.890   1.310
   2042    96  19.160   0.950
   2043    96  18.640   0.970
   2044    96  20.200   0.990
   2045    96  19.950   1.100
   2046    96  19.550   0.960
   2047    96  19.010   0.840
   2048    96  19.210   0.840
   2049    96  18.750   0.840
   2050    96  20.180   0.750
   2051    96  19.490   0.860
   2052    96  21.670   1.380
   2053    96  19.310   0.980
   2054    96  20.700   1.700
   2055    96  20.390   1.190
   2056    96  20.620   1.070
   2057    96  18.550   1.240
   2058    96  19.400   0.850
   2059    96  19.890   0.870
   2060    96  20.180   1.150
   2061    96  20.050   0.980
   2062    96  21.040   1.840
   2063    96  21.560   1.000
   2064    96  20.860   0.990
   2065    96  19.410   1.420
   2066    96  19.330   0.810
   2067    96  18.490   0.870
   2068    96  18.190   0.910
   2069    96  19.110   1.230
   2070    96  19.290   0.770
   2071    96  19.670   1.100
   2072    96  19.240   0.720
   2073    96  20.520   0.980
   2074    96  20.170   0.930
   2075    96  20.360   0.970
   2076    96  19.940   0.860
   2077    96  20.840   0.950
   2078    96  20.120   1.050
   2079    96  18.960   0.940
   2080    96  18.270   0.870
   2081    96  20.550   1.670
   2082    96  21.120   1.010
   2083    96  20.710   0.760
   2084    96  21.380   1.710
   2085    96  18.900   0.890
   2086    96  19.180   0.770
   2087    96  21.340   1.090
   2088    96  18.640   0.800
   2089    96  19.880   0.950
   2090    96  20.970   1.140
   2091    96  19.590   0.820
   2092    96  20.450   0.970
   2093    96  19.210   0.940
   2094    96  21.230   0.940
   2095    96  19.180   0.550
   2096    96  19.140   0.820
   2097    96  20.880   1.280
   2098    96  20.530   0.900
   2099    96  20.410   0.950
   2100    96  19.800   0.850
   2101    96  18.730   0.820
   2102    96  21.900   1.560
   2103    96  19.130   0.950
   2104    96  16.880   1.300
   2105    96  20.460   1.360
   2106    96  20.980   1.250
   2107    96  19.780   0.900
   2108    96  19.120   0.800
   2109    96  19.330   0.860
   2110    96  19.570   0.910
   2111    96  22.520   1.630
   2112    96  20.450   1.180
   2113    96  19.970   0.950
   2114    96  19.410   0.950
