Age, Slope, Intercept, Slope_Error, Intercept_Error, R_Value, Ajustadas/Total 
10.28, 5.8489203447977625, 0.7188974255484766, 0.08778878655260204, 0.09322739271044327, 0.9985388749543238, 1.0= 15/15
10.26, 5.8312102757758675, 0.7439829268941311, 0.09193503085621789, 0.09695782935453853, 0.9983882152893034, 0.9375= 15/16
10.24, 5.761085133827797, 0.826760453617112, 0.06271882672378579, 0.06646459790776658, 0.9992305168344905, 1.0= 15/15
10.22, 5.814514676751306, 0.7665135962542768, 0.07497009746253794, 0.07865654904695321, 0.9988383107710861, 1.0= 16/16
10.2, 5.786583231227027, 0.8009778137580943, 0.06584139430093056, 0.06911033727714562, 0.9990949724788554, 1.0= 16/16
10.18, 5.82491318161667, 0.7673090919166539, 0.08289827515328435, 0.08601728541653628, 0.9984843981088141, 0.9444444444444444= 17/18
10.16, 5.724469496021218, 0.8726740716180377, 0.05665584009929755, 0.059661720187510536, 0.9993150316242018, 0.9411764705882353= 16/17
10.14, 5.690090181892291, 0.9157127426504301, 0.05426521627638616, 0.05726057161822903, 0.9993639543058789, 0.9411764705882353= 16/17
10.12, 5.865315546434068, 0.7218000684111514, 0.08692876480593215, 0.08907500601113824, 0.9982473655932628, 0.9473684210526315= 18/19
10.1, 5.6689939701682, 0.9448712710250717, 0.05306694430356484, 0.056185527908566166, 0.9993871772906885, 0.9411764705882353= 16/17
10.08, 5.70657792081139, 0.9016751999219821, 0.06399122365158733, 0.06685150968902732, 0.9990582475566806, 0.9444444444444444= 17/18
10.06, 5.692186650409449, 0.934603812756424, 0.05544488254460042, 0.058003808868928634, 0.9992891750208855, 0.9444444444444444= 17/18
10.04, 5.738201136644428, 0.8686228482003129, 0.0805972984424907, 0.08344102152677749, 0.998425463399552, 0.9473684210526315= 18/19
10.02, 5.692640960574364, 0.9308583139059108, 0.05771840495029178, 0.05984665395442222, 0.9991785981248721, 0.9473684210526315= 18/19
10.0, 5.751707795584549, 0.8634210868434753, 0.07148187531787113, 0.0732484107300898, 0.9986897235049308, 0.95= 19/20
9.9, 5.710343388789261, 0.9193150423465495, 0.05923395008325226, 0.05971055833715001, 0.9989793537191491, 0.875= 21/24
9.8, 5.731451190406891, 0.896054834390827, 0.07771286448358448, 0.07578897056411729, 0.9979837966258921, 0.8888888888888888= 24/27
9.7, 5.6179353474929705, 1.0393453615707484, 0.042090492739450494, 0.04308933892604525, 0.9994951898202076, 0.8695652173913043= 20/23
9.6, 5.525610907783256, 1.1390326971355975, 0.03826630932137178, 0.0382949113951975, 0.9995207520482163, 0.9166666666666666= 22/24
9.5, 5.655377661775472, 1.0071919661329858, 0.0744646407516711, 0.06909549529575645, 0.9990478200592902, 0.9285714285714286= 13/14
9.4, 5.709155744453593, 0.9566969669997105, 0.07527256426187626, 0.06680766958140698, 0.9988720036616798, 0.9375= 15/16
9.3, 5.802468512837074, 0.865021092362344, 0.08714155826591262, 0.07670272361684796, 0.9985372009389124, 0.8333333333333334= 15/18
9.2, 5.7859377240785905, 0.8864383604617796, 0.08172743942858648, 0.07092479034506842, 0.9987056319358204, 0.7894736842105263= 15/19
9.1, 5.719620562969658, 0.933620627518061, 0.04569258602958808, 0.04547635730190083, 0.9994579707140043, 0.59375= 19/32
9.0, 5.682311664924501, 0.965067489107148, 0.03573564028629441, 0.03522789258964399, 0.9996442345774305, 0.5714285714285714= 20/35
8.9, 5.845810919981873, 0.859223315796732, 0.05218730163727008, 0.03929539341742074, 0.9995619563264526, 0.5416666666666666= 13/24
8.8, 5.763548476395306, 0.9286459686406445, 0.028295307708623756, 0.019515422306864934, 0.9998433752981567, 0.5769230769230769= 15/26
8.7, 5.729506671534393, 0.9775099454736025, 0.021839403173704763, 0.014369726157400226, 0.999883785224549, 0.6428571428571429= 18/28
8.6, 5.6520667361367884, 1.0499435275135296, 0.02117007790767732, 0.015502036451011652, 0.9999158359220258, 0.4827586206896552= 14/29
8.5, 5.605706591956914, 1.1058220566035182, 0.02051117822475007, 0.015053211318889967, 0.9999129883985172, 0.5= 15/30
8.4, 5.5840537464130815, 1.1286348920005178, 0.02360416553429921, 0.01813027676191353, 0.999857085924932, 0.5454545454545454= 18/33
8.3, 5.556921607830267, 1.1523114798125977, 0.026135506179409615, 0.02000604286591071, 0.9997788692093927, 0.6285714285714286= 22/35
8.2, 5.576210811587656, 1.1401628102736772, 0.03316427944744157, 0.02591506800452591, 0.9996641328507473, 0.525= 21/40
8.1, 5.852976658798846, 0.9257726199842642, 0.10243651964472998, 0.08203331684500285, 0.9981672127165505, 0.2857142857142857= 14/49
8.0, 5.586618152415606, 1.1464503739640186, 0.0290912589235299, 0.021472986592606106, 0.9997424966479829, 0.5= 21/42
7.9, 5.618245481215103, 1.1315579784134329, 0.033022776645438824, 0.023539740997840113, 0.9997064693699196, 0.4318181818181818= 19/44
7.8, 5.751277683134583, 1.0165076660988075, 0.05262307293179996, 0.039878039309492574, 0.9994144820470491, 0.3333333333333333= 16/48
7.7, 5.6911143441762055, 1.0698673492410506, 0.05586404838783842, 0.043693638479524136, 0.9993742861338669, 0.3= 15/50
7.6, 5.732204959037759, 1.0368847688920342, 0.0690219743103587, 0.05398500967424263, 0.9990589097178889, 0.29411764705882354= 15/51
7.5, 6.081926190268954, 0.8279680564017755, 0.1180565970902544, 0.0781446798152057, 0.9983087496266453, 0.1896551724137931= 11/58
7.4, 6.162405344242319, 0.7722615110105315, 0.13436230485513803, 0.08893784465183921, 0.997867564063971, 0.1864406779661017= 11/59
7.3, 6.180740534878251, 0.759573187677705, 0.1363858170988566, 0.09030441540465833, 0.9978160365371235, 0.18032786885245902= 11/61
7.2, 6.424377349774806, 0.5737009995765585, 0.12291380434904185, 0.079882798063157, 0.9983568383142916, 0.16923076923076924= 11/65
7.1, 6.471247300215982, 0.5815807235421171, 0.14649534269626197, 0.09435659780047209, 0.9982111532352921, 0.13636363636363635= 9/66
7.0, 6.321589272858172, 0.6856612970962312, 0.12301776371286964, 0.07923485784142224, 0.9986772165046471, 0.140625= 9/64
6.9, 6.893208976974643, 0.3957749927134939, 0.14628195136421046, 0.07389531386975079, 0.9991005389905949, 0.10344827586206896= 6/58
6.8, 7.062848656089256, 0.292597985945084, 0.24076955231084352, 0.1319891570705548, 0.9982613953398478, 0.0847457627118644= 5/59
6.7, 7.211746796006513, 0.20210189053317285, 0.2634102430362031, 0.14459758878397747, 0.9980048552888017, 0.08064516129032258= 5/62
6.6, 7.086863111884873, 0.27814661159779996, 0.1639411105950574, 0.0832367836679553, 0.9989314345924336, 0.1= 6/60
