#B-V  V
       1.2045327       12.559566
      0.70045279       8.9837857
       1.5821156       15.913256
       1.5408050       15.910005
       1.0239421       11.734744
       1.5152425       14.765510
       1.4782592       15.981344
       1.4111751       14.757466
       1.3219828       13.841890
       1.3036858       14.254406
       1.4269158       14.980585
       1.3148433       7.4722844
      0.74462963       10.235656
      0.68797283       10.129417
      0.95449937       11.743730
      0.84425492       11.042479
       1.5816369       15.413882
       1.4612285       14.941702
       1.6734054       16.056852
       1.4491694       14.972135
      0.50044216       9.1628454
       1.4853055       15.485721
       1.3330081       8.0085225
      0.60558445       8.2079947
       1.5616270       15.083034
       1.6255377       15.935644
       1.6008251       15.990409
       1.6323039       15.743607
       1.5593451       15.811243
       1.2448497       13.328955
       1.2824172       14.442572
      0.93640510       12.045125
      0.63986781       9.0504682
       1.1955437       13.239457
       1.6778723       15.565617
       1.3440986       14.256524
       1.4133319       15.860335
       1.6313660       16.056827
       1.2329785       12.820912
       1.4003419       14.992994
       1.5723807       16.282189
       1.0989823       12.324337
       1.4088473       14.355552
      0.70543838       10.986229
       1.4725868       16.140994
      0.63923179       8.4478540
       1.5211539       16.115337
       1.4169954       15.279705
       1.3829941       14.279608
       1.4794049       15.364139
       1.4359405       14.111541
      0.67775511       10.725294
      0.99261379       12.703839
      0.68138344       9.8000530
       1.4526134       16.049664
      0.71094348       8.1445004
       1.2064815       13.290778
       1.5586020       15.336376
       1.3049048       13.849627
       1.3469794       15.889131
       1.4520020       14.969233
       1.3504358       14.646451
      0.89174026       11.384252
       1.1821630       13.467232
       1.3193891       13.934561
      0.66921568       9.0519415
       1.4597577       15.025176
      0.84768619       10.951305
      0.56949104       9.0168237
       1.5113934       16.166191
      0.61356097       9.8083621
       1.4495443       14.817598
       1.4472969       14.701059
      0.71485717       9.9705638
       1.3460487       7.7560106
       1.0559613       12.492245
       1.5002327       15.773199
       1.6675156       15.954265
       1.5007529       15.614262
       1.4822642       15.015667
      0.58603670       8.4266566
       1.5704681       15.258080
       1.0354287       12.044253
       1.5232050       15.579845
       1.3863469       14.624630
       1.4929997       15.257940
       1.1015476       12.320733
      0.59667379       9.5075201
       1.3637232       16.052586
      0.92764172       11.300479
       1.3987603       15.852173
      0.79398234       11.025301
      0.56278436       9.4068838
      0.92863002       11.584162
       1.5957244       16.205034
       1.5628089       16.075906
       1.5719502       16.139563
       1.0155675       12.110677
       1.5664504       15.728281
       1.9624953       5.1252760
       1.2768235       7.8498289
       1.2128530       12.865151
       1.3566920       14.419376
       1.6429475       16.157660
      0.68000787       9.8591359
      0.84470241       10.599283
       1.1382591       12.676506
       1.8717520       5.7071568
      0.75814847       11.346020
       1.6818428       15.640424
       1.4662400       15.059444
       1.5862295       14.950024
      0.56755730       9.0491942
      0.80283569       10.515379
      0.69519871       10.418846
       1.2571147       13.284824
      0.67208613       9.9218178
       1.1346880       13.601060
       1.6125115       16.065093
       1.2242574       8.1401172
       1.1502203       13.008025
       1.1313602       12.728732
       1.4355470       15.890582
       1.6032406       15.711116
       1.4462318       14.527310
       1.4241321       14.582781
      0.98361244       12.066289
       1.4971299       15.196202
       1.0419371       12.074048
      0.79698543       10.697239
       1.1386705       13.328354
       1.6708004       15.681467
       1.4166970       15.316249
      0.69210840       9.8865432
      0.67503376       10.046995
       1.3567549       15.070823
      0.95933192       12.295108
      0.55471669       8.6353773
       1.4230406       14.826628
       1.3067436       15.144740
      0.89198219       11.088611
      0.61743628       8.7037027
       1.4892811       16.002765
      0.56638454       9.1849163
       1.5587679       15.542279
       1.5915572       15.281875
       1.4177501       15.175864
      0.72959952       9.8320821
       1.4128856       15.111947
      0.78329891       10.872378
       1.0262333       12.151004
       1.7200484       15.558066
       1.5521782       15.277903
      0.51508659       9.5283612
       1.2549252       13.716682
      0.69951200       10.413337
       1.0635001       12.577762
       1.3082458       7.9522404
      0.91573869       11.773943
       1.5778252       14.387521
      0.65442732       8.2923478
       1.4873155       15.458502
       1.5480015       16.018655
       1.0016070       11.998818
       1.4649478       16.188961
      0.69584509       10.356529
       1.5333720       15.721461
       1.5353686       15.729628
       1.6191711       16.171325
      0.75961331       10.442035
       1.4495783       14.694781
      0.87114009       11.181395
       1.1010141       13.041748
       1.4266713       13.810859
       1.6035846       15.764563
       1.1274716       12.398218
       1.3951901       14.946930
       1.1802029       12.597092
      0.58423259       8.9708835
       1.4973047       14.918916
      0.61312383       10.152261
       1.1604612       12.476342
       1.1120746       12.774505
       1.6068716       16.084239
      0.58699259       8.4828016
       1.4390297       14.729653
      0.88089419       11.585992
      0.47949867       8.7208676
      0.94799694       11.690526
       1.5621016       15.548141
       1.2746822       14.720574
       1.5600951       15.752804
       1.2985718       13.376462
       1.2778729       13.966774
       1.1188837       12.541791
       1.3622966       14.811947
      0.57594539       8.7967713
       1.4413442       14.391829
       1.3137667       14.355133
       1.4599917       15.258321
      0.60705766       9.9264415
       1.2624846       13.068779
       1.2354397       13.702799
      0.54994839       8.3910965
       1.5960560       15.680007
       1.1405564       12.610597
       1.5770671       15.916787
       1.5442811       15.400067
       1.1949492       12.881097
       1.4616901       15.758541
       1.2477065       13.434767
       1.3755776       14.955449
       1.2664046       14.274464
      0.95807513       11.937998
       1.5446103       15.290540
       1.0184682       11.736767
       1.5284655       15.827460
       1.6131354       16.215833
       1.4707141       15.544566
       1.5650436       16.013898
      0.42423179       8.9889269
       1.4712548       14.871127
       1.3120031       13.635909
       1.3129246       13.759439
       1.5930060       16.123098
       1.5403814       15.871005
       1.3899236       14.305843
       1.1741668       13.446912
      0.67318477       9.7113031
       1.5452053       15.842112
      0.93249486       11.653682
       1.9209156       15.980139
       1.4745535       14.886880
       1.5573677       15.319792
       1.4125410       14.160323
       1.3800361       14.834994
       1.5167012       15.365249
       1.5915548       15.688915
       1.3593788       14.524682
      0.62762883       10.016482
       1.0170674       12.495409
       1.3321577       13.129328
       1.5123811       15.002526
       1.7193424       15.998429
       1.5305821       15.497004
       1.5418250       16.102555
      0.57433934       8.3207374
      0.82915914       11.097357
      0.99250333       12.833087
       1.2499507       14.199721
       1.5189328       15.770183
       1.4226809       14.318569
       1.4867527       16.278420
      0.72748762       10.472903
       1.3818723       15.447578
      0.63887934       9.8514634
       1.0283287       11.986153
       1.3532532       13.609090
      0.96933110       12.039051
       1.4385068       15.536411
       1.2565555       13.124609
      0.75185213       10.309667
      0.83420789       11.077616
       1.1612148       13.211867
      0.81690970       11.210961
       1.4694960       14.731963
       1.3741792       15.917793
       1.5593901       15.531401
      0.76654822       10.623468
       1.0672936       12.455503
       1.2290043       13.577790
       1.4299924       14.761276
       1.5334820       16.041533
      0.99218905       12.290436
       1.3399872       14.331797
       1.6172840       15.497861
       1.5317049       14.932830
       1.0854450       11.878155
       1.6099069       15.866084
       1.6247074       15.630357
       1.3299119       13.999512
      0.89286000       12.089589
       1.4765694       15.445511
       1.5593316       15.508857
       1.4119266       16.212376
       1.5950139       15.722874
       1.0100466       12.471795
       1.0130680       12.212618
       1.7099474       16.004713
      0.83563695       11.644466
       1.3068831       13.465238
       1.4586708       14.761564
      0.74388106       10.222792
      0.80304577       10.597214
      0.64373036       8.6671768
       1.2406168       7.8557718
       1.5950692       15.338330
       1.0523402       12.523489
       1.6436789       16.027864
       1.4691891       15.768936
       1.2637198       8.0258894
      0.76205727       11.299239
       1.0302796       12.553001
       1.6120120       16.146748
       1.5816400       15.610196
      0.88665681       11.867409
       1.4116845       16.263498
       1.4879769       15.928653
      0.67608540       8.4326742
       1.2716755       15.089606
       1.4129979       14.131823
      0.56703279       9.3660989
       1.2557257       16.227373
       1.2595405       8.0066090
       1.4859278       16.015798
       1.3720024       14.633597
      0.69852305       10.055015
      0.59539053       8.4366197
       1.0245680       12.600603
      0.97486787       11.757884
      0.71535867       11.040394
      0.65801212       10.013686
       1.4736871       14.446235
       1.3899708       14.796434
      0.94211603       11.940768
       1.1635641       13.055147
       1.2714552       13.707777
       1.2116400       12.941053
       1.1077951       12.088251
       1.0158791       12.418190
       1.2791346       13.611245
       1.5995794       15.589927
       1.3847722       13.813300
       1.1531843       12.858256
      0.68301076       8.8136798
       1.4153030       16.361942
      0.70166964       8.2645005
      0.60071258       10.420976
      0.60708534       8.5070497
       1.2268284       13.164100
       1.4677260       15.112505
       1.4353318       15.351081
       1.5745836       15.881029
       1.5523702       16.045757
       1.4446510       14.082765
      0.75708382       10.374846
       1.2743937       13.794380
       1.4514136       15.553741
      0.55264153       8.5570585
       1.3314803       15.157315
      0.74216157       10.517951
       1.4388677       15.640285
       1.2217019       13.735997
       1.4620094       15.934214
      0.95985731       12.027503
       1.4111774       13.856546
      0.83581844       10.675822
       1.4774056       15.147385
      0.59936712       10.010703
      0.79858511       11.293868
       1.6406520       16.158172
      0.65235731       8.3990071
      0.84721298       11.391484
       1.3808554       15.388443
       1.2513089       12.699444
       1.5510091       16.013661
       1.1456451       12.539204
       1.4633754       15.697638
       1.1907772       12.867909
       1.4306858       15.054448
       1.7100765       15.633620
      0.65028226       8.5601168
       1.7328326       16.043563
       1.5253784       15.465893
       1.3811024       15.955956
       1.4612355       14.273579
       1.6669689       16.071475
       1.1550515       12.613163
      0.59699270       8.7676782
       1.5994719       15.574097
      0.89624802       12.082919
       1.3186957       13.706861
       1.2867240       13.226176
       1.4026643       15.589364
       1.3605919       13.643315
       1.1424642       13.114812
       1.4916897       14.205317
       1.3780028       7.9530873
       1.3698102       13.253250
      0.94966963       11.464571
       1.3397590       14.284195
      0.81057967       8.1762815
      0.58527470       9.2223533
       1.2488428       13.746278
      0.62175819       9.9448292
       1.5420771       15.243135
       1.5830797       16.040405
      0.64601761       9.4259696
      0.85521224       11.116596
       1.4629302       14.652826
       1.4857431       14.701107
       1.5282248       15.168613
       1.2866352       14.392848
       1.3927990       14.560896
       1.4742765       16.155534
       1.6351031       15.673424
      0.87914238       11.330776
       1.2307550       12.958677
       1.5189074       16.228126
       1.4144259       14.325916
      0.94715881       11.330052
       1.5168327       15.172899
      0.88982913       11.075637
       1.5237445       14.981769
      0.89733900       11.409476
       1.2981068       13.617735
      0.93914789       11.228234
       1.6008453       15.908319
      0.88371881       11.802352
      0.94538144       11.656911
      0.72904815       8.2633220
       1.4223567       7.9595240
       1.3360188       13.282360
       1.2865166       13.522675
       1.3662368       14.234681
       1.4818667       14.883958
      0.65735787       9.4551318
      0.57615355       9.1513492
       1.4651098       14.221317
      0.59375992       9.5755985
       1.7958074       15.611076
       1.1809197       12.762399
       1.0328082       12.750628
       1.1541061       12.486884
       1.3158645       13.289526
       1.3415697       14.034869
      0.75946492       10.634681
       1.7434052       15.714637
       1.2524799       12.737766
       1.5005888       15.962720
       1.4177235       14.941892
       1.0417609       12.319316
       1.4566136       15.092247
       1.3576078       14.076300
       1.5480009       15.984264
       1.2815733       13.763217
       1.1235349       12.438508
       1.4820868       14.851693
       1.1752335       13.994541
       1.1131289       12.547730
      0.63059560       8.2683168
      0.54785728       9.5161075
       1.4677519       14.271366
       1.6463245       15.993621
       1.3615394       14.835811
       1.5821525       15.417768
       1.4933987       14.468546
       1.5160346       15.225114
       1.4738858       14.672833
       1.5466542       15.338921
       1.7191156       16.052029
       1.0607971       12.502389
       1.5559952       15.920834
       1.4103578       16.031560
       1.3387667       14.961143
       1.3969503       15.385221
      0.93394921       11.939547
       1.5066444       15.784456
       1.6003874       15.893202
       1.6404441       15.915072
       1.5843561       16.136453
      0.66549176       10.124745
      0.96168599       12.051731
      0.62646336       10.128520
      0.77825070       11.017936
      0.78984012       11.305193
       1.6192789       16.074159
       1.4399223       14.348515
       1.3982852       15.461346
       1.3997053       14.931561
       1.0310505       12.386244
       1.2719866       13.243258
      0.65363736       8.9249307
       1.5685252       14.807461
       1.5296237       15.018290
       1.6066198       16.058808
       1.7257590       16.017566
      0.95538298       12.637382
       1.6643237       15.319949
       1.6468043       16.002263
       1.2523159       13.881374
       1.6176698       15.884055
      0.74307988       10.809325
       1.3877345       14.173424
       1.3066547       13.995277
       1.3934196       15.985392
       1.0820134       12.736149
      0.88088273       11.126849
      0.82039709       10.911105
       1.4520439       14.088837
      0.93291036       11.799845
       1.5202637       15.828957
       1.5266687       15.392132
      0.67377711       9.5538591
      0.78411657       11.317860
       1.2436063       13.473500
       1.3095547       14.309065
       1.4997807       16.061534
       1.3505438       14.458065
       1.5083134       15.835540
      0.68742701       9.8660377
       1.3473139       14.178465
       1.5346968       16.093078
       1.3972060       13.689201
       1.1970103       12.748627
       1.5379004       15.404455
       1.0526156       12.577715
      0.59087374       8.3239684
      0.75310360       8.1698815
       1.4306825       15.661104
       1.5366134       14.932255
       1.3846807       15.219048
       1.4212531       15.197765
       1.2912732       13.517787
       1.4390531       14.366640
       1.2939921       14.274584
       1.2780715       8.1931276
       1.5596387       16.127210
       1.3993290       15.573176
      0.83937941       10.482922
      0.84244205       11.387254
       1.4587140       14.573443
       1.4602692       14.846077
       1.4506522       16.323113
      0.72476855       10.146076
       1.4101071       16.237081
       1.4447374       16.096067
       1.2537146       13.233131
      0.67147441       8.2601318
       1.3329363       13.856253
       1.5030059       15.301762
      0.50804596       8.9015716
      0.81674821       11.225806
       1.3896796       15.506111
       1.4895773       15.397660
      0.82720034       10.891030
       1.6343425       15.842262
       1.0712951       12.467007
      0.85330007       11.639549
      0.91851389       12.165988
       1.1325796       12.359213
       1.5807853       16.052748
      0.64362401       10.106574
       1.4674637       15.833088
       1.1916329       13.643575
      0.64412433       9.8911256
      0.84499983       11.966184
       1.6681089       15.881030
      0.86042932       11.206720
       1.2063179       14.287283
       1.3065621       13.343929
      0.83469324       11.300624
       1.3460727       14.178869
       1.5111789       15.146667
      0.68976632       10.133662
       1.4105088       14.667542
      0.63395466       10.596163
      0.57194688       8.7920004
       1.2083373       13.576464
       1.6060507       15.889976
       1.4753820       14.589516
       1.5080882       16.252091
       1.1797630       13.487362
       1.2884784       13.280020
       1.0886491       12.510198
       1.2985647       13.612057
       1.0386519       12.824063
      0.82503853       10.854349
       1.2987312       13.482424
       1.4501416       16.143565
       1.5534452       15.632139
       1.5633632       15.114322
       1.3194905       13.729286
      0.80876159       10.286972
      0.98048624       11.621526
       1.3954075       14.864073
       1.7400402       15.832042
      0.49128575       8.8020863
       1.6887398       16.127541
       1.6783225       15.988914
       1.5556867       14.990582
       1.2734551       13.282820
       1.7280952       15.275706
       1.2554941       13.278263
       1.6304582       16.028710
       1.3564041       14.302993
      0.58760326       8.2551955
       1.7091850       15.895071
       1.3751020       13.475956
       1.4910338       15.290159
       1.1423273       12.620454
       1.5003040       15.063654
       1.6652208       16.168151
       1.4015021       16.382040
       1.5919971       16.269438
       1.5566374       15.528399
       1.6974356       16.194824
       1.3043996       13.257699
       1.4480542       14.646687
      0.70342326       10.142518
      0.78370387       10.627033
       1.5818431       14.990071
       1.4194031       14.491216
      0.95933680       11.315318
       1.4666008       14.460127
       1.2720771       12.988395
       1.5126750       14.806576
      0.77662935       11.305799
       1.5555048       15.420308
       1.4726950       14.558831
       1.5140702       16.081494
       1.2681271       13.159137
      0.81703713       10.908655
       1.7594213       16.001720
       1.0833226       12.881096
       1.4901292       7.2638450
       1.5466682       15.637213
      0.67497245       10.009198
      0.83917919       11.051959
      0.50371905       8.8320651
      0.64109702       9.7642965
       1.6073386       16.122952
      0.47490675       8.7777914
       1.1648631       13.426027
       1.5389676       16.325913
       1.0270096       12.061965
       1.5306082       14.681380
       1.2918991       7.6486635
      0.65421268       8.3970887
       1.2671350       13.144177
       1.3975235       15.480568
       1.4009198       15.819257
      0.95129263       11.932201
       1.4041125       14.958640
      0.87476900       11.130470
       1.2747442       14.250699
      0.53999904       8.3382713
       1.4713879       15.082691
      0.55244114       8.7595118
       1.5927392       15.454524
       1.1033986       12.413978
       1.4249984       16.245550
      0.59719347       9.8431524
      0.59163004       9.4496620
       1.4674815       14.591031
       1.3497778       13.950284
       1.0950755       12.964403
      0.79385978       10.925897
       1.4301628       14.500828
      0.81643919       11.612998
      0.97874818       11.498684
      0.93658176       11.775645
       1.3014823       13.306211
      0.86221043       10.981255
      0.60758815       9.7616821
      0.56537255       9.5178993
       1.4500003       15.077113
       1.7261501       15.503071
       1.5961747       16.058038
      0.61143784       10.229092
       1.2887648       13.628635
       1.2906907       13.382848
       1.3578217       13.803771
       1.5756836       16.007677
       1.4853909       14.645383
      0.92602859       11.285829
       1.0163341       11.697250
       1.3805403       14.001931
       1.5208169       14.824272
       1.4776956       15.346759
       1.4143201       16.037795
       1.4292375       15.024348
       1.4353602       14.365293
       1.6059210       16.112118
       1.3605194       7.8697977
       1.5343849       14.974805
       1.5241461       14.820836
       1.5990873       16.006261
       1.5334103       15.651728
       1.5232805       16.046145
      0.96377595       11.265928
      0.65712594       9.9942482
       1.0250927       11.722428
       1.2245763       13.382253
       1.5010101       14.591994
      0.90917629       11.590871
      0.62172375       9.6366224
      0.68778210       9.2466162
       1.5037941       15.622911
       1.3444193       13.828717
       1.1399857       12.861481
       1.2301800       14.689553
      0.54011443       9.9274279
       1.7151347       15.829190
      0.81382170       10.421474
       1.6140320       15.438665
      0.58739756       9.5135224
       1.4016628       16.095970
       1.4324070       14.741233
      0.90211340       11.810247
       1.5263594       15.375969
       1.4333402       16.157226
      0.65586050       9.6002022
       1.7044970       15.563759
      0.61722143       9.3035639
       1.4441168       14.936224
      0.63834688       8.4872269
       1.4761619       15.956136
       1.2758408       7.9113209
       1.4999952       14.851476
       1.3997862       14.683340
      0.46458574       9.2636068
       1.5651804       14.711737
       1.4773101       15.221596
       1.3588615       14.049345
      0.93143445       12.107070
      0.82982274       11.543316
       1.3536141       14.127275
       1.6093550       15.637792
       1.4865852       14.995598
      0.70129194       9.9346738
       1.4599107       15.073931
      0.93034665       11.167363
       1.5279596       15.439117
       1.4738510       7.9298990
       1.3468979       15.745306
       1.4574063       14.278985
       1.5963484       15.854258
       1.3965694       15.286861
       1.3753952       14.103513
      0.95329585       11.008429
       1.4161228       15.373103
       1.4155660       15.923633
       1.5227944       15.609872
       1.3355505       14.940116
       1.0448485       12.731907
      0.91114443       11.184999
       1.5962760       16.030924
       1.4881338       16.212041
      0.65266027       9.4307895
       1.5433355       14.975934
       1.4181975       14.650463
       1.3292064       7.8610295
       1.3221786       14.042218
       1.4986874       15.500497
      0.63047583       8.0617645
       1.2738876       14.612492
       1.1756010       12.685135
       1.5224400       15.624078
       1.8077355       16.020244
      0.97819231       11.839181
       1.5912218       16.193624
       1.4091536       15.902357
       1.0954583       12.668076
       1.0101004       12.284928
      0.97170562       11.797289
       1.5723439       15.170351
       1.4144919       14.989745
       1.4412478       14.795312
      0.56558497       8.4868796
       1.3003954       8.0096947
       1.1191507       12.000018
       1.1550495       12.748363
       1.6007718       15.911442
       1.3292303       13.775422
       1.4036878       14.808681
       1.4933082       15.198519
       1.5765063       15.928360
       1.4863877       14.799061
       1.5470036       14.975821
       1.3465089       7.7357255
       1.1892737       12.997970
       1.5257333       15.189713
       1.3953526       14.863487
       1.5504857       14.962915
      0.77748345       10.245106
       1.3495891       14.826991
      0.66438814       9.5142660
       1.0744047       12.403930
      0.57011892       8.2535880
      0.87522598       11.270194
       1.3238408       14.357788
      0.82243734       10.552233
      0.78808815       10.591787
       1.1914431       13.023188
       1.4877205       14.866720
       1.3615394       13.908149
       1.5101405       15.990776
      0.63337358       10.199187
       1.4323512       14.385734
       1.3000058       14.187753
       1.2612530       13.639660
      0.93084320       11.389752
       1.3782171       15.930882
       1.3721795       16.142347
       1.5998866       15.817206
       1.6417174       15.805880
       1.6433336       15.970320
       1.1213752       12.807577
       1.6452927       15.559092
       1.1863090       12.834232
       1.1594324       13.041504
       1.7573151       15.371225
       1.4145674       14.734267
       1.5436943       15.956700
       1.4925625       15.253779
       1.4831665       14.483922
       1.5738927       15.475804
       1.5904975       16.104137
      0.57775989       9.7777807
      0.90456837       12.218411
       1.5402378       16.109796
      0.96997004       11.855507
       1.5430074       15.077099
       1.6667533       15.703910
       1.4531759       14.799862
       1.2446788       12.812135
       1.4425719       15.295985
       1.2144521       13.516467
      0.60211276       9.0216497
       1.4539941       16.047590
       1.4874364       15.755035
       1.3866782       15.446152
       1.2293609       13.108963
       1.4998869       16.149853
      0.61537946       9.4114139
      0.64824117       8.4808395
       1.5698288       15.407895
       1.4070407       15.547890
      0.85173574       11.527821
       1.1022226       12.481068
       1.5686401       14.733224
       1.5614422       14.800395
       1.2757022       14.006468
      0.78511410       11.169982
       1.1039755       12.282175
      0.67327692       9.8529704
       1.3113202       13.675806
       1.4510527       14.190641
       1.2559265       8.0599176
       1.4964501       16.320429
       1.4257663       14.605975
       1.4314473       14.796350
       1.4076726       14.471493
       1.4329086       15.021557
       1.2827245       8.2391525
       1.6749055       16.120785
      0.90292907       11.319469
      0.84462243       11.281735
      0.60697461       9.2376057
       1.4488128       14.662400
       1.5951608       16.132624
       1.3812468       14.776479
      0.96949957       11.456823
      0.86774594       11.111528
       1.4720214       16.308330
      0.66214544       10.361991
       1.0640951       12.264473
       1.4697023       15.467176
       1.5526577       15.250054
       1.4110637       14.965079
       1.2034220       13.081023
       1.5059649       15.314563
      0.73486617       10.750692
       1.0630111       12.396776
      0.95064800       11.628065
       1.1133580       12.845108
       1.3135484       15.761166
      0.97591186       12.424765
       1.5277713       15.665373
       1.5185266       15.738183
       1.1467073       12.973939
      0.54051596       9.0872512
      0.66772975       10.073366
       1.2648631       13.203173
       1.4318274       15.397907
      0.83091780       11.533599
       1.1010663       12.618570
       1.4364304       15.416142
       1.4031415       15.358472
       1.5931903       15.135759
       1.3133655       15.343671
      0.90524482       11.189330
       1.3813509       15.126030
       1.5638281       15.778825
      0.86589531       10.104022
       1.4635972       16.284769
       1.4456771       14.625271
       1.6799964       15.932575
      0.98045189       12.544895
       1.4980279       14.663423
       1.4987022       15.235534
       1.3798567       13.544404
       1.3875081       14.471261
       1.3122048       14.767820
       1.6137365       15.939942
      0.65880079       9.8660720
       1.3370824       14.154550
       1.4657259       15.883402
       1.4172888       14.959176
       1.4534807       15.312718
      0.88700073       11.237704
       1.4902159       15.121586
       1.6569052       16.029154
       1.3660753       14.036783
       1.3323213       13.834546
       1.3208090       15.627379
      0.75710049       10.506527
       1.4256925       13.557461
      0.93864292       11.504155
       1.4894864       14.631077
       1.1463784       12.378199
       1.3472929       13.608967
       1.4459277       15.301760
       1.2939085       14.471567
       1.6353263       15.073024
       1.0436217       12.021299
       1.6440031       16.194262
       1.3315290       14.270728
       1.5194805       14.850770
       1.5167994       14.824502
      0.59734205       8.4052507
       1.4421857       14.261165
       1.6652209       16.043153
       1.3529803       13.743983
       1.1217914       12.312717
       1.5144896       16.200516
       1.1909476       13.049080
       1.2919387       7.9938315
       1.3695057       15.078362
       1.3533565       15.779529
      0.78339585       10.903830
      0.86657081       11.146028
       1.2324133       12.972782
       1.5044548       15.042955
       1.5103574       14.653612
      0.77373578       10.943634
      0.81938596       10.520383
       1.5537398       15.011423
       1.4624190       15.030903
       1.4737612       16.383315
       1.2813112       7.8644608
       1.4054602       15.732078
      0.71799872       8.2026395
       1.5820366       15.234635
       1.5111606       15.913906
       1.4709258       16.137806
       1.3532180       14.484248
      0.62071278       10.085262
       1.5265929       14.397941
       1.3327632       13.912024
       1.2707101       12.967075
       1.5330356       15.142108
       1.3806911       14.351656
       1.5933934       16.149818
       1.4716334       15.891276
       1.0955786       12.227753
       1.4424449       6.6680140
       1.4083602       14.627751
      0.88922546       11.074501
      0.89888589       11.046942
       1.5706390       15.683038
       1.5135331       15.658183
       1.0835076       11.626594
       1.5131279       15.842093
       1.2365863       8.1450218
       1.5831549       16.044286
       1.5726041       15.196871
       1.5137333       16.251638
       1.5868910       16.113979
       1.3038452       13.796404
       1.4542682       15.093552
       1.2438332       13.857392
       1.3257827       13.730547
       1.1569690       13.059866
      0.66975523       9.1528669
       1.0713473       12.397115
       1.1019420       12.595495
       1.0425153       12.343437
       1.4351588       16.360529
       1.6116416       15.882059
      0.75279484       8.1076420
       1.5808478       14.982712
      0.64746226       8.3978393
       1.4484315       13.772798
      0.60879992       8.6039585
       1.5476377       16.294265
       1.2336870       13.832199
       1.2698573       13.863350
       1.1922727       12.784526
      0.77748487       11.224173
       1.6387936       15.730054
      0.78786716       10.583367
       1.5971890       15.599182
       1.5463917       16.076571
       1.2615395       13.243263
      0.91176173       11.518846
       1.6212451       15.715554
       1.3575480       14.646024
       1.6488055       15.698481
       1.1396971       12.688124
      0.84386068       11.235396
       1.3855825       14.408367
       1.4665475       14.445578
      0.82326549       11.154213
       1.4503275       15.115658
       1.3697862       13.758411
       1.5465097       15.640267
       1.0601960       12.858578
       1.5070913       14.877493
      0.54045730       8.7966365
       1.5103341       15.372448
      0.88487860       11.350672
      0.82635934       11.383670
       1.6870570       15.618866
       1.5858368       15.289012
       1.5849821       15.095454
      0.89034794       12.109377
      0.95658518       11.910810
       1.4042320       14.151489
      0.67164625       9.8492173
       1.5777627       15.655286
       1.2027552       13.488314
       1.5508720       14.812907
       1.5374246       16.005495
       1.3671616       13.532886
       1.6587045       16.122836
       1.4850202       14.690466
       1.1697747       12.157951
      0.96802476       11.774674
      0.69496309       9.9720984
       1.6085760       15.367290
      0.96020081       12.052400
       1.4937058       15.426183
      0.79555485       10.951394
      0.94611078       11.366818
       1.4951381       14.272722
       1.5190173       15.683737
       1.0265651       12.243001
       1.5489209       15.511039
      0.84792621       11.205426
       1.4410368       14.638594
      0.81018476       10.710114
       1.5749807       15.896831
      0.77034702       11.730147
      0.94986491       11.366772
       1.0690084       12.057929
       1.3466947       14.656094
       1.2543154       13.263407
       1.3128600       13.663245
      0.57891633       8.9291184
       1.5224019       15.566499
       1.2494491       13.988736
       1.4079563       14.473393
       1.5080688       15.539820
       1.5306201       16.308454
       1.2533076       13.464340
      0.96802064       11.914892
       1.3100251       15.040550
       1.3008781       13.765932
       1.6185917       16.108891
       1.3893104       14.115991
      0.86929587       11.256340
       1.2953783       13.677697
       1.5951198       15.299996
       1.1800771       12.859239
      0.94045606       11.769520
      0.91077498       11.263920
      0.88114535       11.058357
       1.5081735       15.009843
      0.62489010       9.8372918
      0.58710726       9.3091068
       1.2870628       13.559385
       1.5362200       15.280527
       1.7146871       15.996858
      0.80026648       11.244705
       1.4291639       14.699244
       1.3542758       15.555530
       1.3610944       14.949324
      0.88673101       11.374595
       1.3673640       14.071815
       1.4812791       15.148209
       1.6193962       16.118042
       1.3230575       14.012399
      0.64687463       9.3240746
       1.1640316       13.479935
       1.4119147       15.543886
       1.5527226       14.990214
       1.1491779       12.415160
       1.1524829       12.732160
      0.52390337       9.2509275
       1.4667215       16.267265
       1.5682622       15.799188
       1.0436387       12.909389
       1.1306431       13.190755
       1.4526645       16.067982
      0.89328392       11.314310
       1.4340134       15.482401
       1.6310286       15.984664
       1.4025399       15.597889
       1.0916853       12.392548
       1.5075005       14.470009
       1.4488045       16.091315
       1.3222378       16.187144
       1.5001587       15.628498
       1.0897944       12.406075
       1.4312317       15.287720
      0.67635116       8.2133151
       1.3680533       16.008525
      0.94899454       12.100060
       1.5054130       16.205778
       1.1035890       13.008932
      0.50479719       8.9150210
       1.5852468       15.974665
       1.4690151       15.011889
       1.6854714       16.031045
       1.2607328       13.234999
       1.0367648       12.591369
       1.5379850       15.556109
      0.53459292       9.7112700
       1.3689347       14.487178
       1.3438007       13.301638
      0.77036935       9.9807383
       1.4127179       15.635668
       1.3639160       8.2699266
       1.2079261       13.736525
       1.4850066       15.181323
       1.5969301       14.944837
       1.5596408       15.097504
      0.74486889       10.552402
       1.3805874       14.915694
       1.0640246       12.005750
      0.64156467       9.6722708
       1.0183276       12.643658
      0.87058226       11.876262
       1.1729947       12.621518
       1.3569282       14.435224
       1.4923779       15.748648
       1.4471316       16.033082
       1.3482820       13.998098
       1.6471627       15.410643
       1.4840867       14.731448
       1.5474100       16.177123
       1.1521060       12.843242
       1.4342874       14.981432
      0.88612977       11.106637
      0.59149248       8.6243680
       1.6660965       16.168112
       1.0580556       12.610244
       1.5925622       15.075025
       1.3478868       13.607381
       1.3251094       13.856217
       1.3404629       14.122053
      0.55996431       8.8284620
      0.77774916       10.850959
       1.2390155       13.164022
       1.4612966       14.660577
      0.82938862       11.396615
      0.92048577       11.235861
       1.3665905       15.054525
      0.70511022       10.404717
      0.96199019       11.870657
      0.76838281       11.081858
      0.58533857       9.7839669
      0.93232128       11.483063
       1.4585801       15.697669
       1.5492231       15.312302
       1.7340079       15.734096
      0.63949147       8.8884607
      0.89888776       11.925002
       1.0198927       12.022487
       1.5230254       16.245964
      0.92096706       11.856413
       1.2878992       13.001155
      0.81918285       10.934149
      0.55644563       9.5632522
       1.0617364       12.662865
       1.3084533       13.246172
       1.2741453       12.706125
       1.4270677       15.799224
       1.2584510       13.585684
      0.59689641       7.9345317
       1.4882230       15.263392
       1.1317241       13.078873
      0.95724714       11.520719
       1.4497671       15.571535
       1.0337197       12.274730
      0.64037527       9.9779397
      0.82066111       11.099441
      0.62664946       10.124358
       1.3989437       14.966254
       1.0117727       11.997997
      0.91750865       11.914126
      0.94685611       11.488256
       1.1284099       12.570614
      0.60905696       9.7917433
       1.1459632       12.891191
      0.64595317       10.355695
       1.4252016       15.602998
       1.4457162       13.809492
       1.6289813       16.167657
       1.5736203       15.641792
       1.4133417       14.729023
       1.6433166       15.990464
       1.3667987       14.560791
      0.73031091       10.606933
      0.76033944       10.118376
       1.3675188       13.516626
       1.3281638       13.695339
      0.75320552       10.694770
      0.67144198       10.412128
       1.6799907       15.771531
       1.2778556       14.106011
       1.2727799       13.503806
       1.3875778       15.305456
      0.48995143       9.6845793
      0.78764223       10.599497
       1.2442436       13.144669
       1.2488853       8.1473125
      0.85472360       11.379234
      0.51633780       8.9975976
       1.5177394       15.622660
       1.5138568       15.983698
       1.5162626       14.672649
       1.2909725       14.302374
       1.4621339       16.094039
       1.1475717       13.144200
      0.89806404       12.127097
       1.6014516       15.782069
      0.88070087       11.733308
       1.4143642       14.760953
      0.57041472       10.028071
       1.6631119       15.254220
       1.4601787       14.850559
      0.97425433       12.203812
       1.5315832       15.098540
       1.4886092       16.342753
       1.5297169       15.271377
       1.4300110       14.071179
      0.93628847       11.643869
      0.69547859       10.507282
       1.5603794       15.469941
       1.0502742       12.432374
       1.2241359       7.8418932
      0.82623325       11.289520
      0.87486659       11.202650
       1.3906968       16.311800
       1.4561104       16.264220
       1.0932219       12.592375
       1.5049822       15.719568
       1.5284799       14.321328
       1.4603222       16.281177
      0.63291208       10.492414
       1.0233308       12.628347
       1.5875111       15.886774
       1.5016235       15.885798
       1.2529587       13.394957
       1.5766417       14.458996
       1.4494333       13.886779
       1.3426719       14.278245
      0.87550679       11.386565
       1.5439136       16.237595
       1.5367941       15.835185
       1.4755700       14.006639
       1.3249826       13.753542
      0.82797632       11.464900
       1.3333109       7.7650831
      0.52031102       8.7883389
       1.5926509       15.227820
       1.1819721       12.661212
      0.80915059       11.124991
       1.3863035       14.881443
      0.91224706       11.026210
       1.8147367       15.801336
       1.6316572       16.285452
       1.3433384       16.011445
       1.4317375       16.295762
       1.3165573       13.676424
       1.2211181       13.184669
       1.3551790       14.798003
       1.6137386       15.272611
       1.4736660       15.063265
       1.2973139       14.064389
       1.4842984       15.559717
       1.5375743       15.160625
       1.4593770       14.422930
       1.3628181       15.266318
      0.91684998       11.274105
       1.9428847       5.1689459
       1.5150429       15.336824
       1.2170355       13.725981
      0.78387735       10.898845
       1.6370767       16.094842
       1.3836624       14.327544
      0.70153225       9.9503346
       1.5315972       14.973662
       1.5171336       15.650339
      0.79462684       10.812657
      0.91555597       11.846497
       1.2832081       14.243632
       1.2358920       14.294321
       1.4008112       14.667588
       1.6909121       16.112976
       1.2571503       13.595641
       1.2327097       13.334773
      0.85447114       11.219244
       1.1295707       12.390321
      0.85099977       11.957761
       1.6615351       15.523020
       1.2716853       13.772548
       1.5967025       15.867738
       1.4927973       15.497451
       1.7697013       16.042454
       1.4056634       15.214292
      0.97642427       12.791653
       1.6161016       15.920181
      0.51387395       8.7532060
      0.67779712       10.052957
      0.70301200       10.610286
       1.3254593       8.0566755
       1.3895530       14.468482
       1.5208562       15.383193
      0.95718527       11.631125
      0.68923396       9.8696621
       1.5714028       16.081763
      0.63419402       10.104139
       1.1195953       12.539477
       1.4783177       15.366484
       1.6713159       16.234724
       1.3726673       15.018354
       1.4862442       15.529724
       1.2278834       13.081803
       1.3563347       13.888971
       1.3018643       13.454389
       1.3129283       13.856724
       1.4456536       15.568007
      0.71410276       10.183855
       1.1585421       12.726971
      0.54795971       8.6258615
       1.4256993       16.081613
       1.1747941       12.667432
       1.2619867       14.069816
       1.4308409       15.014072
       1.4929358       15.645063
      0.86699528       11.053708
       1.3731853       15.761653
       1.2152382       13.264110
       1.1615294       13.180351
       1.2831008       13.296843
       1.5519710       15.431290
       1.0932031       12.761103
       1.1442892       12.827911
      0.92256949       11.965390
      0.81442156       11.017263
       1.6030505       15.648884
       1.4091726       15.922036
       1.5048717       15.603292
       1.5549902       15.528948
       1.4981318       15.359988
      0.95664757       11.724475
      0.87891475       11.648584
       1.5853714       15.089302
      0.49656810       9.2477139
       1.5945025       16.150350
      0.55451519       8.6821151
      0.70543400       10.088089
       1.3879181       14.445403
       1.6054677       15.829105
      0.47126330       8.8068089
      0.99117244       12.536260
       1.4646714       14.968190
      0.59614567       9.2403519
      0.73159193       10.441134
       1.2632496       7.6876934
       1.3809426       14.862179
      0.70093137       9.7077829
       1.1147558       12.523056
       1.3278058       13.675824
       1.5917760       15.595590
       1.8516466       15.827921
       1.2320358       13.249900
       1.4842597       15.151472
       1.4218702       16.144089
       1.3904168       16.338279
      0.59192562       9.0750929
       1.3962822       13.668939
       1.5134635       15.074928
       1.5119229       16.184054
       1.4318106       14.575729
       1.5392833       15.669524
      0.65698593       10.626100
       1.4125644       14.631776
       1.4339653       15.161954
       1.2544208       13.427965
      0.90941232       10.971832
       1.6494088       16.114978
       1.1986046       12.966287
       1.5853303       15.718796
      0.79750049       10.596180
       1.0524158       12.277277
       1.0813553       13.066644
       1.3202763       7.9721085
       1.1165384       12.374429
       1.4758942       14.033339
      0.86540080       10.895296
      0.61484676       9.5591454
       1.6270140       15.994727
      0.79912621       10.602102
      0.88847893       11.399233
       1.6709332       15.720038
       1.4308144       15.484228
      0.58166409       9.5622628
       1.5277046       15.098336
       1.4274566       14.060740
      0.96714740       11.733437
      0.86133713       11.349520
       1.6611605       15.539762
       1.0287525       11.940473
       1.4575127       16.141390
       1.8173994       15.934444
       1.0836211       12.694278
       1.2752302       13.300055
      0.86585164       11.630174
       1.2702875       14.066581
       1.2001655       13.969709
       1.3185132       13.870722
       1.3279469       13.892780
       1.2890340       13.744218
       1.7111362       16.235778
      0.65734419       9.5385099
      0.62200054       8.6180059
       1.2811529       13.536864
       1.6814253       15.682712
       1.4342542       14.532671
       1.6888689       16.060508
       1.3791350       15.941465
       1.3417156       13.627604
       1.3860756       14.727521
       1.5299243       15.197211
       1.1764768       12.889903
       1.4104135       16.197038
      0.63278810       9.6489791
       1.2129802       13.162674
       1.2691099       13.888044
       1.5540621       15.962620
       1.5105469       15.541667
       1.4520176       16.069307
       1.3447766       16.092719
      0.62751027       9.6983412
      0.52013694       9.8839850
       1.2201390       12.877927
      0.86077584       10.926105
      0.60243134       9.3943865
       1.6333544       16.188977
       1.1589141       13.113637
      0.90897194       11.660663
      0.77459934       10.880635
       1.4672164       16.162853
      0.66568541       9.8894475
      0.62379953       9.4865212
      0.94704255       11.188816
       1.4990922       14.363762
       1.4689667       15.793558
       1.4898899       15.305417
       1.4798908       14.528578
       1.4672329       15.280845
       1.1261116       13.046364
      0.92304643       11.780135
       1.4766096       15.961559
       1.8173140       5.4252283
       1.4591171       15.604870
       1.3682805       15.298748
       1.5038631       15.991821
       1.3742075       13.996642
       1.5721091       15.681651
       1.4571059       14.812944
      0.95051357       11.779814
      0.95407386       11.349547
      0.66418328       9.5298906
       1.5280659       15.025581
      0.92560704       11.503919
       1.3062033       8.1644285
       1.2354764       12.998866
      0.84626676       10.981318
       1.2174220       13.210608
      0.90413079       11.859682
      0.58805328       9.4729859
       1.5247705       16.085325
      0.62208828       8.2767263
      0.64917145       9.4193708
       1.3633341       14.248764
       1.2581659       13.375565
      0.85218140       11.910088
       1.0264892       12.509764
       1.7703205       15.332033
      0.89472495       11.313266
      0.63595110       9.7760761
       1.6162806       16.283344
      0.91337842       11.611414
      0.61049764       9.2407939
      0.87480581       11.822669
       1.6132128       15.997984
       1.6021482       15.046562
       1.3749555       14.583879
       1.5820849       16.102970
      0.75381346       10.407179
       1.5049277       14.649373
       1.4263918       14.353774
       1.6231928       15.435878
       1.5229694       15.489815
      0.78695314       10.557488
       1.5741434       16.196185
       1.4014491       14.204262
       1.3361673       14.486375
       1.3478004       14.184083
      0.86174351       11.895864
       1.7023139       15.503741
       1.3296014       13.880761
       1.6315910       15.940878
      0.88042266       11.879938
       1.1761968       12.503272
       1.3850854       14.076178
       1.5055970       15.086926
       1.4057207       15.859426
       1.6000473       16.118906
      0.58681574       9.3520804
       1.0939183       12.108844
       1.7184686       15.355004
      0.70162733       10.459818
       1.3770772       14.162179
       1.3915219       14.265824
       1.4943666       15.659464
       1.6043639       16.300047
      0.92921750       10.831241
       1.5181783       15.711187
       1.1566366       13.320165
       1.4974725       14.204493
       1.4216010       14.727505
      0.87104971       11.091118
      0.91403912       11.691613
       1.5309977       15.948614
       1.6234829       16.057537
       1.3568761       7.6988984
       1.1123396       12.633049
      0.58560817       8.8552655
       1.4314894       13.945379
      0.86272528       12.033253
       1.1180577       12.287413
      0.90234203       11.547695
       1.5143047       14.490447
       1.4405283       14.859054
      0.76238647       10.662430
       1.4520477       14.648790
      0.62195826       9.5979109
       1.6007842       16.098215
       1.5940757       15.923332
       1.7744125       16.030730
       1.3928155       14.225930
      0.59486166       8.9239654
       1.5158339       14.359301
       1.1831318       13.593060
      0.92244240       11.497389
       1.6225195       14.615288
       1.4424163       15.462304
       1.0442202       12.207160
      0.71733180       10.685102
       1.4361572       14.757069
       1.3496746       13.949607
       1.6117566       15.245010
       1.3855611       13.896464
       1.3937730       7.9318212
       1.2657616       12.985378
       1.4968512       15.396008
      0.99914110       11.588833
      0.90366464       11.205950
      0.73143857       10.281922
       1.1968190       13.863207
       1.6973661       15.885636
      0.58623154       9.0301728
       1.5500370       15.783264
       1.6354577       16.031280
       1.4147149       14.129958
      0.61043270       9.3282753
       1.3140182       13.525336
       1.6010702       16.175396
      0.69061241       8.0244886
      0.63392012       9.4148221
       1.6255312       16.052645
       1.6223004       15.421582
       1.5034126       14.733071
       1.5241097       15.355908
       1.1360300       12.470769
       1.3047183       7.5939622
      0.93806745       11.658034
       1.1393455       13.106407
       1.1758232       12.992852
       1.6095979       15.190521
       1.3476046       14.930002
       1.3266368       7.6550229
       1.2475840       13.954694
       1.6595515       15.788528
      0.60596795       8.7407944
       1.3957848       14.079122
       1.5117885       15.301596
      0.77309193       10.671653
      0.68950365       8.0857230
      0.79376536       11.472750
      0.81624605       10.941664
      0.65862765       9.1537095
      0.84449152       11.640139
      0.90745293       12.100514
      0.82382051       10.808376
      0.63045939       9.8817077
       1.0643171       12.341148
       1.3732072       15.724250
       1.2011317       13.166666
      0.88658398       10.580265
      0.64966946       8.2197878
       1.7056901       16.032270
      0.55500566       9.3721633
      0.79198215       10.852858
       1.0341435       12.410312
       1.4707950       14.722786
       1.4151703       14.033723
      0.90151010       11.415321
       1.3780074       15.392875
       1.5957154       15.194604
      0.68269383       8.2259449
      0.74775564       8.0488447
       1.6346851       15.422394
       1.6233614       16.080188
       1.5578741       15.933466
       1.5056365       13.925663
      0.54826620       9.4760044
       1.2717610       8.0168711
       1.3806471       16.039401
       1.5023772       15.987323
       1.4146637       16.034095
       1.4533119       15.812942
      0.92923176       11.086924
       1.5864764       16.201288
       1.3514798       14.007050
      0.88839253       11.558149
      0.49472742       9.2315892
       1.3940957       14.318814
      0.55169343       9.8540208
       1.5286962       15.690599
       1.7279252       15.541432
       1.3737345       14.335307
       1.3052160       14.462661
       1.2143719       13.755984
      0.54925071       8.3263914
       1.1113450       12.713191
       1.5748186       14.523736
       1.4659555       14.908531
       1.5602491       15.658368
       1.4568244       15.485769
      0.63323882       9.8803532
       1.3860512       16.221782
      0.60805135       9.6805685
       1.4715084       15.034791
       1.4227131       15.462138
       1.6118995       15.974586
       1.5750215       15.637183
      0.83178197       10.359487
       1.0416164       11.812981
       1.4954690       15.774839
       1.4155746       14.339694
       1.3254202       13.683574
       1.6878441       15.515604
      0.97554991       11.527878
       1.3237127       14.436242
       1.1995446       12.874930
      0.67136582       9.5250302
       1.0112443       12.456963
       1.1442767       12.445717
       1.5271046       14.897733
       1.6299891       15.487369
       1.5898529       15.785382
       1.1702038       13.082966
       1.4938151       16.118744
      0.81129848       10.548426
       1.3588348       14.484530
       1.5918715       15.775519
       1.4514691       15.415779
       1.5568400       15.749708
      0.73184254       11.134496
       1.5177991       16.197569
      0.89602940       12.000016
       1.0069786       12.697247
       1.2538613       14.000760
       1.3606532       13.850870
      0.96247595       12.252924
       1.4541330       14.098964
      0.94456034       11.952826
       1.5711926       16.280699
      0.65964292       9.5464288
      0.75526082       11.121103
       1.5753098       15.386876
       1.3655288       16.364382
      0.84172811       11.605203
      0.58066525       9.1359853
       1.5512542       15.218655
      0.76379085       10.641899
       1.3866161       15.785260
       1.4940134       15.205086
       1.0960550       12.776005
       1.1696157       12.684659
       1.5030987       15.504234
       1.0759097       12.632369
      0.80830801       10.928769
      0.97319900       12.097819
      0.65362899       10.661578
       1.5133727       15.293095
      0.63453058       9.8681176
       1.1544703       12.758422
       1.5939333       15.858780
       1.0141746       11.406423
      0.92510393       11.833618
       1.3065673       13.740430
       1.7256802       16.201038
       1.5291982       14.773630
       1.3737099       14.723303
      0.95025575       12.236876
       1.3778069       14.053506
       1.5348639       15.284488
      0.59658266       9.3047146
       1.0248418       12.425521
       1.4697681       16.164395
       1.4119226       13.795070
      0.91576713       11.979973
       1.4937932       14.840079
       1.5974088       15.277145
      0.60808845       8.4752500
       1.4863347       15.242075
       1.4770436       15.021968
      0.67185641       9.7004744
       1.3207229       16.263907
       1.3908654       13.896482
       1.2242611       13.700068
       1.4156019       16.029187
       1.5195140       15.515051
       1.6409554       15.902755
       1.4081253       14.573212
       1.6032204       15.150001
       1.3511492       14.081179
      0.72366220       10.157009
       1.6661130       15.005002
       1.8057948       15.964836
       1.0712702       12.246901
       1.0736976       12.463212
       1.5053612       15.901162
       1.5736607       14.851853
       1.4341622       14.555430
       1.3680975       14.249947
       1.5103324       15.965833
       1.6464839       15.763872
       1.4778781       16.092846
       1.5673607       15.330642
       1.0499329       12.406136
       1.4775640       15.416288
      0.67417472       10.413779
       1.4576156       14.753817
       1.4320693       14.561110
       1.3409900       7.9575493
       1.4329671       15.425897
       1.5106759       7.1173818
       1.6646388       15.677903
       1.4813718       15.552320
      0.52831190       9.2337430
       1.5573322       15.689200
       1.5850867       16.135037
       1.2451883       13.453569
       1.1783603       7.6822147
       1.5345584       15.918449
       1.5076909       16.283217
       1.0057311       12.087165
       1.7788870       16.014661
       1.2189981       13.417283
      0.70408838       10.749392
       1.0026727       11.901695
       1.5811753       15.441654
       1.6023648       16.148995
       1.3060704       13.726033
       1.3869964       15.107469
       1.6123983       15.047668
       1.3903421       14.284896
       1.5240801       15.202852
       1.4100664       7.0414670
       1.4555541       15.939408
      0.61637472       9.4149320
       1.4269215       14.532083
       1.3962983       15.977661
      0.64328686       10.105996
       1.5752752       15.475076
       1.0563269       12.368233
       1.5203321       14.923663
      0.80034042       11.634822
       1.5738768       15.325991
      0.87271309       11.393598
       1.3687014       14.478292
       1.5345184       15.422362
      0.81848818       10.880400
       1.4143915       15.955286
      0.93128918       11.549026
       1.4528308       16.137799
       1.4629976       14.942100
       1.1108760       13.491402
      0.71671299       9.8881335
      0.74824099       10.725422
       1.2984761       13.054503
       1.0173400       12.779222
      0.94642841       11.756733
       1.5038743       14.894692
       1.5532792       16.217279
      0.56004367       10.038731
       1.5829166       15.915061
       1.3507704       15.360208
       1.3299781       13.259177
      0.94309051       11.581915
       1.0032838       12.267186
       1.4947204       15.654778
       1.3651072       14.907101
       1.3619025       13.813476
      0.60618845       9.2434724
       1.5640743       16.207362
      0.88832157       11.221385
       1.6957074       15.478836
       1.5294109       16.335852
      0.96963550       12.317806
       1.5195016       15.682700
       1.5217797       16.052472
       1.0652182       12.322748
       1.5068534       15.417941
       1.2799715       13.486251
      0.60371907       9.2331137
       1.6872286       15.494022
      0.94432780       11.069819
      0.67832242       10.216641
      0.66703678       10.038240
       1.4518757       14.647231
       1.4894087       16.219556
      0.49873099       8.8351812
      0.66917589       9.2937774
       1.4786247       15.670974
       1.5270462       15.399038
      0.76009755       10.434126
       1.3406196       14.609785
       1.4980659       15.443113
       1.4282574       14.688912
       1.4116347       16.124897
       1.4624637       14.301898
       1.6641588       15.273254
      0.76654233       11.060460
       1.1337933       12.764455
      0.81389928       10.632418
      0.76487301       10.866815
       1.4747237       15.505474
       1.3789144       14.918799
      0.81733928       10.823297
       1.3940940       15.099907
       1.1087466       13.055923
       1.5022510       15.282292
      0.97239320       11.528831
       1.4680418       14.490866
      0.86355801       11.441216
       1.4155576       16.261304
      0.99683600       11.607090
       1.6659374       16.108656
       1.3909701       14.435870
       1.6742543       15.504332
       1.1509780       12.314671
       1.5590248       16.279610
       1.4894368       14.714788
       1.5314948       16.108690
      0.64613274       9.3592606
       1.4319246       7.6057460
       1.2254922       13.650276
      0.95706026       11.708164
       1.1721485       12.091743
      0.62400583       9.7934089
      0.99940257       12.180693
       1.4704260       16.149081
      0.60058231       9.4100653
       1.5134306       15.599204
       1.2332637       13.309334
       1.6032411       15.655308
       1.2059072       13.583119
       1.1894670       13.587723
       1.0263304       12.291691
       1.0325318       12.003080
       1.5719683       14.972261
       1.2967792       14.135338
      0.86942636       11.943047
       1.4951622       15.456492
       1.5039988       14.502241
      0.65483756       10.076149
       1.6239661       15.960229
       1.4966252       15.877058
       1.6786903       15.893879
       1.7507333       16.066367
      0.90177690       11.250429
       1.4292351       15.806144
      0.70379734       8.2660486
       1.2211536       13.903853
       1.5180642       14.695833
       1.3731740       7.9483284
      0.62838080       9.5608016
       1.0803657       12.745743
       1.3922550       13.474156
       1.3774141       14.977330
       1.4306365       14.809723
      0.54713462       8.9700540
       1.2403280       13.598824
       1.0360694       12.085209
      0.80753241       11.256145
       1.6172229       15.837604
       1.5237923       14.971313
       1.5467037       16.065597
       1.3938112       13.823968
      0.88680940       11.102924
       1.5079387       15.444496
       1.4932082       16.267387
       1.3240190       14.165501
      0.56563856       8.9089425
       1.0547751       12.210586
      0.56230918       9.1175138
       1.2816048       13.826365
       1.3479277       13.868708
       1.4803784       15.016897
      0.96665524       12.253194
      0.64417030       10.185835
       1.3298351       13.969883
       1.0474487       11.428880
       1.4264074       15.577945
       1.3653638       16.068960
       1.6678251       15.324296
      0.79250500       11.172916
       1.1044104       12.934337
       1.3616878       14.591414
       1.6187374       15.966759
       1.4680479       14.917640
       1.5406488       16.314007
       1.2824635       8.2177211
       1.3295709       14.531735
      0.90220983       11.597407
       1.3069958       16.343875
      0.78509995       10.477788
       1.5538764       16.145617
      0.92317223       11.943185
       1.6422995       15.570009
       1.5277222       16.268435
       1.5513089       14.940528
       1.2057574       13.454542
      0.98685828       11.992698
       1.2724649       13.367069
      0.65998621       9.7665038
       1.1040216       12.426505
       1.6470721       15.146792
       1.3371179       14.257738
       1.4893058       15.114510
       1.2578149       13.467952
       1.6155027       15.708023
      0.87478004       11.218046
      0.68156892       9.8403348
       1.2466242       13.519858
      0.73996747       10.715824
       1.5240378       15.168201
       1.4363249       14.079265
       1.1763670       12.963098
       1.5253163       14.993005
      0.67321670       10.120408
       1.6591988       15.423027
       1.3471254       13.532250
       1.6098281       15.770296
       1.2942415       13.502606
      0.74889526       9.6691923
       1.1149199       13.245292
       1.4499083       15.543007
       1.0590306       12.326903
       1.0591397       12.656793
       1.6448233       16.124775
      0.71847547       10.482146
      0.69758594       9.6843393
       1.2955922       15.554700
       1.1885170       12.960964
       1.3913762       14.493139
       1.3247699       14.645134
      0.55266122       8.4869438
       1.2916982       13.709171
       1.5348886       14.789491
      0.70401459       10.584440
       1.4043745       14.784502
       1.5663341       15.749253
      0.61207477       9.8108499
      0.56824421       9.6488194
      0.66446079       9.6220529
       1.5679944       15.947619
      0.86578745       11.423190
       1.4913721       15.120173
       1.5007699       14.946402
      0.69029419       10.964208
       1.6658140       16.026426
      0.54545405       8.5132252
       1.5423131       16.123115
       1.2528676       8.1385287
       1.5055746       15.086524
      0.72806459       10.750423
       1.1299146       12.992967
       1.0021898       12.387105
       1.3144760       15.962327
       1.3861649       15.122709
       1.2331553       13.172265
       1.3434687       15.196786
       1.2946581       16.143847
       1.4112190       14.367827
       1.5337884       14.979594
       1.4899929       14.510409
       1.4002523       14.514804
       1.3240354       14.025047
       1.3326029       7.7547569
       1.4935282       16.137489
       1.5036227       15.931469
      0.77844539       10.744079
       1.5049595       15.243468
       1.4561997       14.794480
       1.4581003       14.946334
      0.77118619       10.888916
      0.56371440       10.277425
       1.4855940       15.413701
       1.7043870       15.126015
       1.5242154       16.084198
       1.5058121       15.391514
      0.62963048       8.2972315
       1.1242861       12.421606
       1.4310266       16.025755
      0.85999868       11.479917
       1.3284605       14.874273
       1.5346638       15.647328
       1.4407381       14.675796
       1.3258360       13.563825
       1.4737237       14.939880
      0.43524329       8.9437359
       1.4114603       13.851317
      0.99407183       11.436623
       1.4788234       15.223847
       1.4182738       14.553913
       1.4926622       14.268744
       1.4716529       16.094928
      0.64142612       8.9734138
       1.3415154       13.743171
       1.3392455       13.938538
       1.4089795       14.188677
       1.4611430       15.402590
       1.3611120       14.147594
       1.2673513       13.735499
       1.0835465       12.937352
       1.0575294       12.611920
      0.91142703       11.007700
       1.3511601       13.502800
       1.2815768       14.210184
       1.4919513       14.890152
       1.4446503       14.518982
      0.48686034       8.8373058
      0.63560114       9.8266741
       1.3888157       15.009492
       1.6005319       15.710845
      0.62161606       8.4482061
       1.2486564       13.386672
       1.4095172       14.848829
       1.2404216       13.504938
       1.4572899       15.654539
       1.5031598       14.443392
      0.63010679       9.3274166
       1.0188876       11.690619
       1.5438797       15.202739
       1.4768114       15.606507
      0.73548026       11.326901
       1.1124788       12.450223
      0.68757451       10.034094
       1.2342531       13.679182
       1.3512625       15.977668
      0.88852617       11.097642
       1.2621088       13.473232
       1.6532760       15.652840
      0.54364772       9.5361760
      0.77148726       10.469438
       1.3970313       16.285247
       1.2095471       13.218429
      0.61676827       9.8537916
       1.4666807       14.687893
       1.3248410       13.537345
      0.61343526       9.8174198
      0.91034843       11.135411
       1.4979985       16.216669
      0.64217656       10.110559
       1.4222587       15.116801
      0.87239871       11.317464
       1.2518215       15.889146
      0.67669660       9.5111307
       1.5975761       15.693749
       1.5499050       15.298606
       1.4564729       16.130224
       1.4979315       15.647235
       1.2055477       13.309212
       1.4174133       15.359090
      0.59378743       8.7940901
       1.1589149       13.029312
       1.6064263       15.485591
       1.3503719       13.649660
      0.53346333       9.6689142
       1.5710399       15.304260
      0.96202045       11.677523
      0.84639029       10.837339
       1.1231821       13.297409
       1.4635657       16.317941
       1.1314490       13.204824
       1.4326161       14.742404
       1.2736219       13.174770
      0.94657368       12.360291
       1.0655753       12.643019
       1.0273293       11.882797
       1.4370730       14.311777
       1.3450600       14.232524
      0.72586448       10.446204
       1.1932959       12.822182
       1.2501527       13.564771
       1.5111596       15.068254
       1.1894948       12.920342
       1.5054431       15.519137
       1.2072488       13.065117
       1.4843698       15.153002
      0.67082421       9.8467292
       1.4055981       14.666053
       1.5705627       15.919441
       1.4675026       14.408863
       1.4428550       14.814901
       1.1594295       12.368613
       1.4605711       14.804222
       1.2113129       12.985536
       1.4615569       15.156064
       1.6836736       15.340918
       1.2342433       13.284863
       1.1913778       12.567878
       1.2770782       13.429814
      0.68889783       8.2330253
       1.0498254       12.260094
      0.91265050       11.396461
      0.79506605       11.217133
       1.5946996       15.248148
      0.72299865       10.233123
       1.4952558       16.182611
       1.6372953       15.745538
       1.4350561       14.746711
      0.99461108       11.570424
       1.5250796       16.125518
       1.5221119       16.108195
       1.4287217       15.711295
       1.5173124       15.273619
       1.1266672       12.454145
      0.82668945       11.143502
       1.5406671       15.036187
       1.5171599       15.257947
       1.2402215       13.403589
       1.3214455       8.0642247
      0.78485849       10.927920
       1.1623130       12.785797
       1.0028021       11.841997
       1.3432438       13.508219
       1.5277789       6.9907070
       1.1624350       13.400308
       1.5303755       15.646365
      0.81895398       10.845313
       1.4045149       14.523768
       1.5238479       15.505111
       1.3689393       16.400099
       1.4428818       14.187479
       1.6057598       15.144846
       1.1137824       12.710152
       1.1045259       12.593136
       1.2640512       7.8535067
       1.0013553       12.039888
       1.4674204       14.866732
       1.3864022       14.652205
       1.2347033       13.245434
       1.2607121       13.415727
       1.6272823       15.195238
       1.4271321       14.471259
       1.3696059       15.934042
       1.4830027       15.837564
       1.0959539       12.035015
       1.0937490       12.523009
       1.4635235       16.335952
      0.63937883       8.6930531
      0.87900814       11.075405
       1.3617442       13.234145
       1.2149379       13.452251
      0.70030994       10.279281
       1.4701477       14.936824
       1.0933927       12.803281
       1.4716807       14.173999
       1.4228539       14.480588
      0.83891475       10.522425
       1.5058218       14.622304
       1.7113879       15.540422
       1.2633077       13.350828
       1.3710772       7.6437968
       1.2951355       14.111296
      0.55597410       9.5261235
       1.0299318       12.143924
       1.6014309       16.172809
      0.57064915       9.0793239
       1.1174350       12.374650
      0.97016032       11.591450
       1.2900175       15.990866
       1.5201258       14.689220
      0.93752571       12.168399
       1.0763443       13.279654
       1.4356768       14.301283
      0.93917110       11.829615
       1.3886818       14.319918
      0.92284580       12.319714
       1.5071968       15.636726
      0.99789267       12.068280
      0.63490353       8.2590262
       1.3735580       14.382065
       1.2743910       13.301541
       1.5082396       16.058976
       1.0860428       12.681676
       1.6527420       15.872780
       1.5162016       15.710137
       1.4747081       15.678594
      0.61423133       9.7270656
       1.2689613       13.714324
       1.6158558       15.385937
      0.64271457       10.057534
       1.5494757       15.125411
       1.5950734       15.928897
       1.4781303       14.845395
      0.96162999       12.125240
       1.5393282       16.352535
       1.7407682       15.677858
       1.5130564       15.569199
       1.6983649       16.068288
       1.5388301       15.904635
       1.6795308       15.864348
       1.6236761       15.700838
      0.85457424       11.528189
      0.67584915       10.892714
       1.1096098       12.701205
       1.6754191       16.186593
      0.79272740       10.772302
       1.2945224       13.700461
      0.59282465       9.5827405
       1.4459006       15.532002
       1.3568729       13.518320
       1.2578696       13.322115
       1.3049588       7.9139623
       1.0998825       12.347648
      0.69900961       9.9472694
       1.1718755       13.031092
       1.4340144       14.621271
       1.5557720       14.554989
       1.6415413       15.699091
       1.5538105       15.219283
       1.5171868       15.971820
      0.73951843       10.203076
       1.5950631       15.998287
       1.2853878       14.257129
      0.65125017       11.003708
      0.91209714       11.568647
       1.7007041       16.189175
       1.0356603       12.350925
       1.4039315       8.1200853
      0.55149745       8.3407210
       1.0350500       12.210917
       1.1567471       13.393705
      0.52833802       8.8628326
      0.76790199       10.483264
       1.1381326       12.895093
       1.6000550       15.955712
      0.85790119       10.510860
       1.5007414       16.097865
       1.1753249       13.364189
       1.3348760       13.705933
       1.3670550       14.140714
       1.2767906       13.216110
       1.1324626       12.599560
       1.2502406       8.2579413
       1.4831797       15.567011
      0.83621891       11.516547
      0.59094869       8.9089450
       1.3558479       15.125484
       1.2055585       13.120463
      0.79559193       10.559802
       1.3885035       16.049059
       1.3416596       7.8779946
      0.61945773       8.5221660
      0.64586608       10.147368
      0.47091490       8.8432183
       1.5766604       15.545084
       1.0673088       12.186300
      0.55787286       8.6800136
       1.6194766       15.639179
       1.4647334       16.084400
       1.3117669       13.728171
       1.2675086       13.405632
      0.60792565       8.5385862
       1.5153100       14.310935
      0.86082706       11.431819
       1.1272082       13.722638
       1.5999226       14.963981
      0.58861189       9.9886257
      0.95666341       11.959666
       1.4766785       14.825054
       1.3976379       14.782652
       1.6127547       15.681983
       1.1526415       12.938882
      0.69291760       10.535997
       1.5951033       16.015746
       1.6024365       15.983354
       1.3626853       14.474177
       1.2915894       13.490006
       1.3484135       14.538081
       1.6795850       15.341350
      0.66216392       9.8766148
       1.5356522       14.910589
       1.5121105       15.861285
       1.4497518       14.470530
       1.4889564       14.412996
      0.77326179       10.407534
      0.60676257       8.6048971
       1.7610609       16.199211
       1.3544135       15.329744
      0.96451329       12.175698
      0.79871870       10.954002
       1.5482532       16.353452
       1.4050403       15.150264
       1.1547473       12.535607
       1.5576896       14.790839
       1.4356737       14.241310
       1.5388937       15.974385
       1.2554436       13.704844
       1.2175663       13.234258
       1.3017331       13.532699
       1.1540415       13.086375
       1.3572409       14.760707
       1.6132721       15.584732
       1.4032357       8.0642478
       1.6628600       15.950044
       1.0866314       12.254179
       1.4166523       15.039400
       1.5052819       16.297293
       1.3749840       13.851274
       1.4723323       15.339978
       1.4535875       14.076057
       1.5621105       15.526296
       1.5815266       16.045674
      0.54417120       8.8532360
      0.61335962       8.5457812
       1.7807641       15.410520
       1.3290932       15.077671
       1.3750904       15.666287
      0.81816243       10.919809
       1.4986238       15.981966
      0.79681769       11.009370
       1.5622202       16.312239
       1.4685426       14.851933
       1.3957526       13.866411
       1.4513715       15.900289
       1.5559730       15.391554
       1.3463710       14.305528
       1.4218936       14.497573
       1.4672276       15.061854
      0.53000438       9.5810041
       1.0106699       11.575706
       1.4266676       15.556589
       1.6332008       16.186854
       1.5649310       15.747478
      0.95406769       11.478341
       1.5694309       16.268182
       1.1227171       12.592293
       1.4764445       14.485375
      0.88280303       11.747148
       1.5340028       16.120929
       1.5844594       14.657009
      0.94712187       12.008903
       1.4277506       15.767347
       1.5017380       14.925233
       1.4957062       15.705025
       1.0717385       12.499835
       1.2454224       13.451327
       1.2910769       13.168459
      0.56967026       9.1000503
      0.88231122       11.273284
       1.0875464       12.800215
      0.63622392       9.1886830
       1.6207968       15.109625
       1.6157404       15.739942
       1.4506134       14.661058
       1.3051885       7.8643956
       1.4220060       14.276081
       1.1838516       13.377573
       1.4581182       15.034250
      0.74099052       10.251231
       1.3282572       14.710686
       1.5395840       15.631493
       1.2826430       13.644854
       1.3006198       14.129083
       1.1408508       13.562715
       1.4537340       14.621396
       1.3997506       14.925543
      0.83559326       10.569536
       1.4035133       16.341130
       1.3690318       15.033130
       1.5623339       15.430545
       1.3952427       16.027191
       1.2468124       13.233551
      0.95182486       11.847647
       1.0140327       12.296058
       1.5359293       15.740024
       1.0263899       12.138515
      0.81305164       11.214247
       1.4909863       14.816764
       1.0192947       12.535673
      0.73497348       10.889258
      0.50021349       9.1913871
      0.64897996       9.8462208
       1.3880765       14.998443
       1.2899124       8.1591354
       1.4384482       16.344838
       1.4546192       14.234962
       1.5461955       16.124315
      0.61096458       8.8943245
      0.91419587       12.009600
       1.1275790       12.637420
      0.83354752       10.952374
       1.4856627       15.139805
       1.2918936       14.374721
      0.83277675       11.286925
       1.3135022       8.0855736
       1.1578268       12.874481
       1.1377105       12.782683
       1.3915930       7.6724794
       1.4720663       15.635517
       1.3445835       14.484819
       1.3895361       14.276599
      0.64659209       9.8046684
       1.4410954       15.834530
       1.0926072       13.018897
      0.96791770       12.014190
       1.4673041       15.729825
       1.5820485       14.692649
       1.3799825       16.332012
       1.4804711       15.979569
       1.4827319       14.711326
       1.2092038       13.048060
       1.2596163       13.872807
      0.91714308       11.526308
      0.48338764       8.9118256
       1.6111051       15.335387
       1.4296567       15.456901
       1.2530089       13.077364
       1.2869698       13.764800
      0.98008227       12.483870
      0.84147784       11.478693
      0.58901863       8.9939381
      0.72681143       9.5601621
       1.2617637       13.005299
       1.4503677       15.268986
       1.4682733       15.594792
      0.97032859       12.136090
      0.65987261       10.250725
       1.5597281       15.107325
       1.6248279       15.711675
       1.3861482       8.0090954
       1.5274442       16.021233
       1.5310643       15.763642
      0.60976983       8.7358580
      0.73795182       10.592603
       1.3009205       14.207150
       1.5977579       15.817576
       1.0110865       12.248336
       1.3870248       14.353394
       1.6522350       15.939701
       1.2937210       14.113582
       1.6723389       15.720539
      0.99620008       11.888586
       1.5427983       16.082754
       1.2792936       13.709011
       1.5969888       15.924141
       1.5925298       16.189115
      0.97920674       11.860170
       1.3082290       13.871718
       1.4820192       14.875475
       1.5731043       15.695761
       1.5419548       16.147304
       1.4180720       16.086826
       1.2669476       13.398281
       1.0355444       12.325686
      0.66217838       10.375278
       1.5461474       15.493320
       1.0244014       12.095209
       1.6298087       15.899856
      0.64875000       8.1176875
       1.4492061       14.597239
       1.6295267       15.443720
       1.2150321       14.333871
       1.2908155       13.269709
       1.5193077       16.032947
       1.3261412       7.8263756
       1.4904624       15.620494
      0.84843413       10.631232
       1.6552464       15.842668
       1.2698636       14.088375
       1.2909353       13.233937
       1.5314361       16.163654
       1.1139520       12.550890
       1.4424668       15.601346
       1.5806707       15.728610
       1.1382857       12.978733
       1.3904891       14.782023
       1.4706794       15.094864
       1.1399265       12.426558
       1.5793958       15.142042
       1.5684370       15.332213
      0.80729720       11.344951
      0.76935831       10.007733
       1.5729384       15.898903
      0.88675352       11.749127
       1.6092936       15.910597
       1.5151267       15.057813
      0.81664152       10.763810
       1.8696344       5.6522221
       1.5179754       15.671677
       1.2986996       14.162534
      0.98132266       11.899790
       1.5769704       16.158235
      0.69509312       8.3220792
       1.2557633       13.953491
       1.6005088       15.027817
       1.4636978       15.791714
      0.64043466       9.6335788
      0.76607442       10.425982
      0.92809189       11.458619
       1.3553376       8.1576104
      0.69644583       9.6898817
       1.3802257       16.185803
       1.5582304       15.868942
       1.4667318       15.989661
       1.1904577       12.648196
      0.90068887       11.090391
       1.3551248       14.861083
       1.2086450       13.279830
       1.3858627       14.558227
       1.4522699       14.823130
       1.1692096       12.488217
      0.71827923       8.2080247
       1.6053575       15.817366
       1.5493607       15.025186
       1.3863198       14.401715
       1.3897336       14.141278
       1.5960949       15.322749
      0.59306096       9.7544199
       1.1949309       8.7273199
       1.5296940       16.281365
       1.3844573       14.698992
       1.4919983       15.368564
      0.84140071       11.251190
       1.5021429       15.158102
       1.6699437       15.783591
      0.82940270       11.219975
       1.4353642       15.201189
       1.4578896       14.615344
      0.90348524       12.049394
      0.52095078       9.2159248
       1.2966772       13.221660
       1.0456279       12.193282
       1.4056318       15.602490
       1.0821436       12.397561
      0.58818787       8.3211850
      0.63727037       8.2587173
       1.3869883       15.347683
       1.6000625       15.351342
      0.47015869       8.8362109
       1.4113666       15.092784
       1.4103582       15.376325
       1.3556991       14.198495
      0.61380864       10.074146
       1.4196946       14.980415
       1.5418694       15.005205
       1.5484725       15.842218
       1.0689834       12.182813
       1.5252719       15.771274
       1.5229004       15.311526
       1.4170458       14.702837
       1.1380922       12.466320
       1.2318441       13.871548
       1.5385178       15.147256
      0.87446014       11.666065
       1.1696569       12.608554
       1.2442031       13.430829
       1.4102769       14.730143
       1.4776854       14.500273
      0.95952740       11.466396
       1.5701066       16.180879
      0.64579426       9.7837613
      0.63426484       9.9264737
      0.88354500       11.378210
       1.5239534       15.486008
      0.88692374       11.150467
       1.6431474       14.848741
       1.5210832       15.338598
       1.6289636       15.446095
       1.6842245       15.447054
      0.90745295       10.645770
       1.3731241       14.178366
      0.90298118       11.507544
      0.62568831       9.4854948
       1.1426911       13.116751
       1.3660403       14.961180
       1.6650247       14.887576
      0.58797056       8.7600687
       1.3599200       14.255280
       1.5140445       14.203503
       1.3639542       14.023073
       1.3614519       14.419603
      0.70598344       8.0511103
       1.4642731       15.818549
      0.61113430       8.3498059
       1.1152732       12.277727
       1.7005411       15.164782
       1.6107287       15.581394
       1.3017068       14.015884
       1.2443495       13.518173
       1.5149851       15.100150
       1.3710945       14.951635
       1.3558231       13.658034
      0.54441808       9.0373615
       1.4683942       14.442766
       1.6969794       16.018563
       1.7638328       15.907702
       1.3480244       13.869334
       1.4540079       15.141522
       1.1039950       12.687663
       1.4281740       13.791468
       1.0756205       12.745783
      0.97363418       12.046046
      0.61675870       9.7143764
      0.67275253       10.595011
       1.7134581       15.885311
       1.3528798       13.918362
       1.3715982       13.692681
       1.3871083       14.605422
       1.3260100       8.0719303
       1.3574497       8.0024103
      0.89908641       12.153507
       1.4756952       14.734646
       1.1178074       12.617946
       1.3225994       14.108651
       1.2694446       8.4953673
       1.4772722       15.509304
      0.99532971       12.281382
       1.5832030       16.088020
       1.4827841       15.162249
       1.1495017       12.775233
      0.73956864       8.1317904
       1.0152057       8.1748987
       1.4929401       15.334881
       1.2534894       13.079528
       1.3094598       12.995177
       1.6265635       16.109179
       1.4642080       15.073565
      0.81857630       11.162359
       1.4869524       15.692924
      0.84889070       11.344683
       1.4109531       14.434206
       1.6170517       16.146344
       1.5669220       16.179951
       1.2468770       13.198396
       1.4920379       16.199008
      0.85716083       10.957286
       1.4230816       15.192729
      0.64605171       9.6975985
      0.79082478       10.939553
       1.0222688       12.571001
       1.3774312       14.239398
       1.6682110       16.176125
      0.93156883       11.643723
       1.4499983       14.907980
       1.5755558       15.905228
       1.3449553       13.827096
       1.4987272       15.483796
       1.6448398       16.022148
       1.4666825       15.650717
       1.1734946       13.567251
      0.79185340       10.802378
       1.7932896       15.646148
      0.75972585       10.114013
       1.2695484       13.898361
      0.54744257       9.6091465
       1.1161728       12.388976
      0.60237577       8.8868828
       1.0957956       12.762245
       1.5664909       14.720996
       1.5565503       15.050706
       1.5235989       15.491482
       1.5139333       13.734395
       1.3327894       13.913490
       1.2705353       13.377213
       1.4352547       14.291917
       1.0672204       12.843727
       1.2423189       13.659002
       1.3520488       13.896268
      0.68224741       8.6076861
      0.92577816       11.473069
       1.5318107       14.893069
      0.62079889       8.1817937
       1.6386460       15.728516
       1.4453660       14.239785
      0.84571946       11.584601
      0.67677841       10.014323
       1.3247601       13.613411
      0.53835086       8.4793376
       1.4702337       16.085739
       1.2695302       13.143812
       1.4745091       14.444859
       1.4572446       15.879186
       1.4482270       14.735289
       1.4667964       14.468479
       1.3298067       14.529933
      0.73777391       10.702756
      0.59181905       9.2553018
      0.50207878       8.9866174
       1.3706378       14.419614
       1.2142406       13.263922
       1.2663171       14.341427
       1.5611216       16.078830
       1.3492656       15.026709
      0.91718254       11.916381
      0.78726089       10.135258
       1.3234441       13.476469
      0.84183593       11.577793
       1.4299925       15.863724
       1.3837511       13.893210
       1.2125267       13.295282
       1.5428159       15.387457
       1.2801470       7.9618529
       1.5077207       15.334223
       1.4341401       16.241773
       1.3925113       14.852670
       1.2931922       14.176471
       1.4457390       15.304204
      0.87051271       11.589531
       1.4432403       14.063203
       1.5230990       15.188534
      0.70375455       10.014045
       1.3831933       15.859977
       1.2736525       13.385933
       1.1916946       13.043909
      0.70692508       9.9772241
       1.3369210       13.848833
       1.5405414       14.663307
       1.3768537       14.366320
       1.5339890       15.261778
       1.3952474       14.655450
       1.6100599       16.089681
      0.63186424       9.6340888
       1.5409016       15.795933
       1.4113563       14.149657
      0.57172485       10.056641
       1.5622424       16.082638
       1.5930884       15.825505
       1.4764145       14.948760
       1.4956284       15.987464
       1.5389039       15.311058
       1.5017877       14.945631
       1.3658197       14.446806
       1.5040236       14.552928
       1.4982777       15.295540
       1.5727106       15.062797
       1.5254407       16.057324
       1.7574549       16.007587
      0.94448976       11.232109
       1.5732764       15.431028
       1.3746321       15.951833
       1.0113927       12.047596
       1.0501729       12.374911
      0.69859939       10.382628
       1.5666668       15.456941
      0.80906546       10.054755
       1.4737094       14.997533
       1.5506814       15.514029
       1.5265951       15.296279
       1.4797778       15.979337
      0.58479088       8.5313946
       1.4529186       14.563090
       1.5085386       15.689109
       1.2854073       13.899476
      0.81005460       10.829574
      0.78250087       10.677706
       1.2131502       12.977281
      0.96817350       11.376812
       1.1350341       13.439414
       1.5303057       14.529540
       1.1394329       8.2248020
       1.3378569       14.213952
       1.2807318       14.084366
       1.3022931       16.308981
       1.2740905       13.639636
       1.7694928       15.211784
      0.70000836       8.2468640
       1.4928216       15.006367
       1.2772475       13.861332
       1.4050374       16.065053
       1.5481552       14.944937
       1.3156972       7.7399985
       1.3895541       15.219545
       1.3951905       15.535569
       1.4485816       15.595381
       1.4368620       14.570254
       1.5191671       15.972874
       1.3598522       14.322773
       1.3202576       14.143335
       1.4949962       14.779360
       1.5683716       15.850511
       1.0826992       13.233785
       1.2223467       13.589837
      0.81955101       10.782098
       1.5088576       15.657518
       1.2550027       13.245058
       1.2477596       13.896235
