RA,DEC,PMRA,E_PMRA,PMDE,E_PMDE,PLX,E_PLX,BPMAG,RPMAG,GMAG,EBP_RP
269.16724,-35.556896,3.592,0.088,-5.181,0.072,3.3854,0.043,11.2158,10.4454,10.9036,0.3505
268.7347,-35.65506,3.381,0.058,-5.345,0.048,3.5509,0.0304,13.8208,12.6295,13.2988,0.137
268.7713,-35.66668,2.85,0.178,-4.726,0.153,3.5245,0.0996,17.8783,15.5939,16.7976,
269.032,-35.502575,3.251,0.068,-6.1,0.055,3.6453,0.0399,14.492,13.1163,13.9173,0.1668
268.8259,-35.46009,3.962,0.195,-4.472,0.162,3.514,0.1174,17.9459,15.5265,16.7011,0.17
268.8934,-35.44409,3.542,0.207,-5.815,0.176,3.4195,0.1376,18.0392,15.6463,16.8435,0.179
269.18927,-35.436897,3.002,0.141,-5.406,0.117,3.5494,0.0852,16.6933,14.6264,15.6654,0.394
269.1186,-35.418304,4.064,0.113,-5.001,0.092,3.7199,0.0723,16.7159,14.7174,15.7605,0.07
269.16272,-35.38866,3.41,0.064,-6.242,0.051,3.6032,0.0374,14.4033,13.0655,13.7968,0.119
268.9605,-35.3229,2.849,0.063,-5.56,0.053,3.757,0.0382,14.8615,13.347,14.1917,
268.94672,-35.31904,2.423,0.109,-4.989,0.09,3.6493,0.0707,9.6263,9.2984,9.4954,0.232
268.99677,-35.30445,3.155,0.103,-5.678,0.087,3.6798,0.0637,15.9423,14.1347,15.0869,0.314
269.35193,-35.229443,2.306,0.251,-5.472,0.183,3.4791,0.2,17.7124,15.4182,16.6345,
269.249,-35.249306,2.667,0.254,-4.228,0.21,3.808,0.2438,17.2485,15.0715,16.2247,
269.25317,-35.20231,2.693,0.068,-5.356,0.053,3.4021,0.047,14.0835,12.6399,13.4176,0.369
269.38663,-35.204388,3.566,0.116,-5.014,0.089,3.5731,0.0746,12.5596,11.5837,12.1489,0.1687
269.35104,-35.113674,3.082,0.073,-5.77,0.059,3.5332,0.0458,14.1094,12.8418,13.5637,0.139
269.34998,-35.11321,3.26,0.098,-4.745,0.079,3.4102,0.0573,12.1942,11.343,11.8491,0.128
269.23398,-35.08689,2.776,0.075,-5.408,0.057,3.6545,0.0622,13.8594,12.6582,13.3374,
269.19678,-35.098404,3.292,0.073,-5.348,0.059,3.6713,0.0533,15.0103,13.4787,14.3034,0.1535
269.29794,-35.089725,3.555,0.112,-5.771,0.09,3.5861,0.0834,12.7942,11.8054,12.3772,0.106
269.2683,-35.07723,3.927,0.096,-5.454,0.078,3.5251,0.058,10.8479,10.0888,10.5349,
268.50024,-35.609882,2.84,0.13,-5.87,0.107,3.6214,0.0846,10.6663,10.0582,10.4214,0.3313
268.34055,-35.67146,2.972,0.169,-5.15,0.134,3.7005,0.1136,17.59,15.3636,16.5358,
268.42575,-35.52952,3.56,0.188,-5.376,0.15,3.5687,0.0825,17.5151,15.2101,16.3526,0.226
267.97754,-35.642864,3.587,0.192,-5.479,0.157,3.6776,0.1375,18.1905,15.7546,17.0376,
267.951,-35.639202,3.306,0.106,-5.153,0.1,3.4668,0.0701,12.2317,11.3987,11.8913,0.06
268.02676,-35.62061,2.41,0.142,-5.708,0.104,3.6488,0.0888,15.8587,14.0831,15.0482,0.255
268.19974,-35.63959,3.384,0.088,-5.099,0.066,3.5561,0.0443,15.8828,14.1132,15.0581,0.175
268.2529,-35.596363,3.276,0.075,-5.295,0.058,3.3953,0.0402,15.4499,13.8344,14.702,0.228
268.21506,-35.550045,3.416,0.074,-5.49,0.062,3.6111,0.0463,14.0526,12.8176,13.4975,0.093
268.34238,-35.557674,2.92,0.093,-5.122,0.072,3.5118,0.0542,15.9392,14.1499,15.1181,0.2445
268.36942,-35.511715,2.756,0.104,-5.001,0.083,3.5099,0.0577,9.6317,9.2791,9.4978,0.2415
268.2899,-35.508804,2.686,0.126,-5.398,0.098,3.7216,0.0666,16.7867,14.6884,15.7637,0.0605
268.30887,-35.48371,3.131,0.106,-5.383,0.085,3.6192,0.0548,11.5104,10.7728,11.2101,0.143
268.16095,-35.478786,3.152,0.092,-5.92,0.074,3.566,0.0521,11.3575,10.5286,11.0138,0.366
268.22803,-35.409916,3.45,0.089,-5.712,0.069,3.6999,0.0456,11.763,10.9706,11.443,0.1107
267.8721,-35.59578,3.125,0.121,-5.086,0.092,3.5206,0.0804,12.7976,11.8457,12.4055,0.0697
267.92603,-35.418575,3.974,0.134,-6.734,0.106,3.7115,0.1304,12.6107,11.6636,12.216,0.065
268.15497,-35.313995,2.392,0.065,-5.768,0.051,3.5674,0.0367,13.4644,12.3547,12.9899,0.13
268.15576,-35.313564,3.314,0.094,-5.576,0.075,3.3737,0.0558,14.4528,13.1151,13.8778,0.144
267.96518,-35.304993,3.482,0.089,-4.587,0.068,3.6045,0.0526,13.3871,12.2917,12.9332,0.082
268.05804,-35.28681,2.687,0.111,-4.871,0.085,3.6333,0.0691,11.7954,11.0114,11.4822,0.107
268.06223,-35.24765,2.453,0.101,-5.181,0.081,3.5731,0.0526,10.8514,10.2165,10.5994,0.237
268.00568,-35.24312,3.602,0.086,-4.887,0.065,3.5985,0.0545,13.38,12.3018,12.9192,0.079
268.02792,-35.18572,2.604,0.09,-4.934,0.07,3.6233,0.0556,12.8513,11.8701,12.4537,0.061
267.72977,-35.468327,3.602,0.09,-6.091,0.068,3.4935,0.0573,13.6166,12.4007,13.1594,0.2805
267.73663,-35.390533,2.441,0.14,-5.036,0.11,3.5231,0.0973,16.405,14.4989,15.5337,0.1423
267.77563,-35.347202,3.153,0.177,-5.658,0.136,3.5107,0.1214,7.0599,7.0304,7.031,0.209
267.8066,-35.318443,2.478,0.086,-5.558,0.066,3.5904,0.0673,15.3992,13.7683,14.6901,0.2725
267.84146,-35.298073,2.83,0.129,-4.549,0.103,3.579,0.0892,15.7464,13.9383,14.9948,
267.5717,-35.338997,3.668,0.093,-5.383,0.072,3.5219,0.0508,11.1419,10.4625,10.8715,0.121
267.5986,-35.288525,3.297,0.164,-5.546,0.117,3.7619,0.0941,17.1792,14.9519,16.1523,
267.70676,-35.29225,2.273,0.146,-5.175,0.109,3.6094,0.092,16.2912,14.4208,15.4363,0.103
267.9118,-35.187916,3.073,0.1,-5.498,0.079,3.3981,0.0632,11.9633,11.1672,11.6418,0.116
268.02768,-35.168755,2.758,0.066,-5.171,0.051,3.5602,0.0406,15.2965,13.7159,14.5754,0.27
268.0326,-35.11235,2.999,0.153,-6.095,0.122,3.6105,0.0899,12.5967,11.6496,12.2094,0.092
267.92233,-35.150333,2.379,0.143,-4.752,0.114,3.6037,0.0872,16.6893,14.6622,15.7194,0.2842
267.99847,-35.105938,2.619,0.097,-5.868,0.075,3.6528,0.047,12.8375,11.8744,12.437,0.019
267.95615,-35.102158,2.63,0.102,-6.071,0.078,3.6844,0.0528,9.4695,9.2132,9.3668,0.2405
267.96707,-35.065224,2.465,0.165,-5.163,0.126,3.5168,0.0805,17.0575,14.9609,16.0439,0.0728
267.82822,-35.10578,2.687,0.071,-5.926,0.057,3.5577,0.0503,14.517,13.1379,13.9121,0.176
267.86185,-35.103916,2.87,0.114,-5.232,0.087,3.5411,0.0568,11.1036,10.4376,10.8347,0.1468
267.8579,-35.034393,2.742,0.114,-5.024,0.09,3.6504,0.0671,9.1117,8.9315,9.0378,0.1575
267.89206,-35.023533,2.774,0.097,-4.987,0.079,3.6753,0.0568,11.4423,10.7267,11.1579,0.1
268.6123,-35.66137,3.266,0.061,-5.071,0.049,3.6282,0.0354,14.4767,13.1271,13.8745,0.077
268.60666,-35.64256,2.824,0.087,-5.759,0.07,3.5788,0.0513,11.9672,11.1653,11.646,0.064
268.72134,-35.49786,3.939,0.11,-4.895,0.091,3.5775,0.0591,12.2911,11.4026,11.927,0.128
268.6497,-35.499474,3.227,0.111,-4.862,0.092,3.5044,0.065,8.4703,8.3626,8.4252,0.1533
268.51416,-35.53488,2.719,0.072,-5.278,0.057,3.4827,0.0376,14.688,13.2856,14.0732,0.0667
268.4484,-35.53252,2.737,0.06,-5.803,0.047,3.5535,0.0285,14.114,12.6476,13.4358,
268.45544,-35.520786,2.94,0.093,-5.125,0.072,3.5041,0.0474,13.3779,12.2998,12.9134,0.0805
268.46136,-35.52034,2.811,0.095,-5.338,0.075,3.5163,0.0454,12.2173,11.359,11.8635,0.1155
268.48734,-35.48589,3.508,0.106,-5.861,0.09,3.6485,0.0494,12.367,11.4726,11.9984,0.0913
268.50064,-35.437668,3.29,0.071,-4.56,0.058,3.6519,0.034,15.0692,13.5532,14.3881,0.092
268.66388,-35.39482,2.502,0.078,-6.158,0.067,3.5235,0.0386,15.8547,14.1127,15.0411,0.101
268.56253,-35.417953,2.965,0.1,-5.043,0.078,3.6186,0.0547,13.287,12.2058,12.8192,0.134
268.73428,-35.353115,3.453,0.064,-5.435,0.055,3.6338,0.0401,15.1823,13.6097,14.4452,0.149
268.70142,-35.302513,2.958,0.099,-5.672,0.084,3.5952,0.0494,12.7593,11.8112,12.3593,0.0587
268.7205,-35.282093,2.547,0.119,-3.806,0.094,3.4921,0.0497,11.331,10.5853,11.0272,0.207
268.61206,-35.333748,3.401,0.11,-5.444,0.094,3.5648,0.0513,10.3209,9.6603,10.052,0.6102
268.70624,-35.25715,2.922,0.076,-5.129,0.062,3.5561,0.0356,15.2668,13.6922,14.5434,0.111
268.6619,-35.267063,2.044,0.132,-6.597,0.113,3.4267,0.0692,16.7113,14.5932,15.6838,
268.7764,-35.21021,3.931,0.096,-4.689,0.079,3.538,0.0447,12.609,11.6835,12.2216,0.102
268.43024,-35.46543,3.193,0.111,-4.789,0.091,3.5883,0.0465,12.4857,11.5717,12.1074,0.1
268.40073,-35.426952,3.809,0.057,-4.72,0.045,3.5658,0.0289,13.5166,12.4081,13.0383,0.012
268.53656,-35.378017,3.551,0.148,-4.953,0.118,3.4569,0.0751,17.4953,15.213,16.3888,
268.5266,-35.34127,2.711,0.215,-5.073,0.18,3.6589,0.1156,18.1541,15.801,17.0534,
268.54834,-35.341858,2.751,0.089,-5.613,0.074,3.485,0.0532,16.1929,14.3376,15.3414,0.2605
268.49265,-35.299343,3.622,0.1,-4.531,0.081,3.6037,0.0469,11.7806,11.0077,11.4703,0.0437
268.3543,-35.32478,3.733,0.054,-4.62,0.044,3.6027,0.0281,13.9329,12.7336,13.4035,0.007
268.37714,-35.290386,2.105,0.084,-4.035,0.07,3.4323,0.0469,16.4598,14.2765,15.374,
268.28867,-35.348938,2.937,0.091,-5.716,0.072,3.7027,0.0485,10.8066,10.1724,10.5538,0.1717
268.39185,-35.258904,2.977,0.242,-6.66,0.203,3.5263,0.1246,18.0167,15.5458,16.833,
268.42725,-35.238655,3.246,0.083,-4.693,0.068,3.6013,0.0442,12.49,11.5712,12.1088,0.1017
268.3962,-35.238865,2.639,0.151,-6.597,0.129,3.3697,0.1071,17.3286,15.0892,16.2975,
268.63837,-35.19794,3.522,0.057,-5.371,0.049,3.4935,0.0273,13.8422,12.6464,13.3186,0.11
268.57147,-35.236874,2.725,0.171,-6.024,0.143,3.6189,0.0665,12.9685,11.9748,12.5462,0.054
268.59155,-35.193104,2.587,0.098,-5.405,0.084,3.3737,0.055,16.2174,14.3511,15.3332,0.188
268.67096,-35.1543,2.583,0.077,-4.557,0.062,3.542,0.0359,13.4572,12.3602,12.9849,0.087
268.71432,-35.159576,3.281,0.111,-4.846,0.092,3.4405,0.0565,11.3416,10.6051,11.0453,0.1678
268.72574,-35.135914,1.861,0.126,-5.59,0.104,3.5582,0.0658,17.1754,15.0023,16.1909,
268.72336,-35.089294,3.756,0.12,-5.283,0.099,3.6121,0.0582,8.0507,7.928,7.9916,0.2257
268.69525,-35.071575,3.115,0.065,-4.491,0.053,3.5497,0.0296,14.4638,13.1125,13.8587,0.1305
268.49478,-35.153828,2.391,0.127,-5.238,0.099,3.6106,0.0705,9.6918,9.3368,9.5544,
268.47147,-35.087433,3.226,0.097,-6.489,0.082,3.5231,0.0618,12.0703,11.0912,11.6519,
268.66263,-35.049366,3.749,0.057,-5.12,0.047,3.6013,0.0277,13.9828,12.7522,13.4554,0.099
268.53955,-35.05803,1.689,0.124,-5.375,0.101,3.5066,0.0723,10.1598,9.6441,9.9556,0.4435
268.5799,-34.9729,2.735,0.088,-5.366,0.072,3.5785,0.0525,12.5679,11.6616,12.1859,0.0127
268.94073,-35.17366,3.066,0.138,-5.127,0.108,3.8093,0.0911,15.6336,13.93,14.878,0.095
269.02615,-35.10515,2.801,0.052,-5.684,0.04,3.5542,0.0281,13.7328,12.574,13.226,0.072
269.0328,-35.048904,3.956,0.134,-5.664,0.095,3.4865,0.0677,6.7496,6.6547,6.7018,0.2858
268.82816,-35.180817,3.239,0.122,-4.957,0.099,3.5871,0.0695,10.064,9.6367,9.8954,
268.90656,-35.13627,3.502,0.089,-5.477,0.064,3.5934,0.0518,15.5295,13.6006,14.6021,0.899
268.90744,-35.136654,3.462,0.08,-4.871,0.056,3.5878,0.0452,15.3801,13.7286,14.6239,0.2665
268.78528,-35.150364,3.051,0.121,-5.644,0.1,3.6692,0.0578,8.6356,8.4608,8.5645,0.26
268.88187,-35.093872,3.107,0.108,-6.146,0.085,3.6009,0.0581,16.53,14.5245,15.5728,0.1963
268.92126,-35.072784,3.586,0.275,-5.56,0.199,3.3836,0.1168,18.5276,15.9376,17.2664,
268.9762,-35.014793,3.766,0.08,-5.335,0.063,3.6274,0.0467,14.0272,12.769,13.471,0.1635
268.88135,-35.026073,2.91,0.096,-5.096,0.075,3.5125,0.0504,12.975,11.9481,12.5395,0.131
269.06522,-35.03916,3.355,0.092,-4.781,0.065,3.5911,0.0526,15.5165,13.8616,14.7349,0.233
269.16275,-34.998108,3.501,0.181,-5.101,0.151,3.588,0.1268,15.6654,13.8479,14.875,
269.18494,-35.00482,4.025,0.093,-5.894,0.075,3.5737,0.0553,12.5078,11.4475,12.0488,
269.2863,-34.963787,3.862,0.098,-4.71,0.078,3.5656,0.0629,9.9836,9.5736,9.8191,0.331
269.16693,-34.983837,3.425,0.111,-5.894,0.086,3.3856,0.054,10.1614,9.6735,9.9652,
268.99783,-35.00262,3.104,0.088,-5.496,0.067,3.6526,0.0487,13.7578,12.5744,13.2439,0.137
268.9901,-34.958317,3.237,0.077,-5.257,0.059,3.6453,0.0444,14.8852,13.3997,14.2105,
268.9928,-34.97918,3.958,0.096,-5.085,0.074,3.6192,0.0495,15.2248,13.6214,14.4781,0.2127
269.06113,-34.92406,3.327,0.141,-6.147,0.105,3.6109,0.0869,10.3738,9.821,10.1547,0.432
269.12793,-34.868904,1.65,0.061,-4.886,0.046,3.5845,0.0318,13.5414,12.3991,13.0508,0.1313
269.13934,-34.820763,4.258,0.113,-5.068,0.092,3.5313,0.0671,11.8816,11.0489,11.5423,0.151
269.09515,-34.833145,3.949,0.12,-4.948,0.093,3.6041,0.0596,9.6715,9.3227,9.5319,0.3055
268.7842,-35.046867,2.358,0.08,-4.836,0.064,3.6018,0.0409,15.5353,13.8438,14.7921,0.33
268.76904,-35.027424,3.936,0.123,-5.867,0.098,3.6695,0.0671,16.9118,14.7894,15.8459,0.089
268.75742,-34.98252,4.143,0.116,-4.647,0.093,3.48,0.0628,9.5237,9.1937,9.3927,
268.84772,-34.99081,3.555,0.075,-5.726,0.06,3.6867,0.0393,14.9749,13.238,14.143,0.677
268.9204,-34.96438,3.893,0.193,-5.989,0.149,3.5333,0.1177,18.1103,15.6731,16.924,
268.82614,-34.934322,3.758,0.143,-4.87,0.105,3.7292,0.0721,10.1313,9.6605,9.9432,0.3373
268.6805,-34.976704,3.482,0.106,-4.604,0.086,3.5906,0.083,11.8126,11.0201,11.4919,0.0645
268.76758,-34.95352,3.775,0.124,-5.086,0.097,3.4275,0.0697,12.0171,11.1112,11.6426,0.2335
268.6557,-34.97302,3.775,0.112,-5.804,0.09,3.6219,0.0709,15.4434,13.7324,14.6335,0.325
268.63892,-34.969933,3.862,0.09,-5.505,0.073,3.6076,0.0525,13.3099,12.2219,12.855,0.1297
268.64572,-34.94805,4.134,0.064,-4.851,0.051,3.6464,0.0428,14.2836,12.9684,13.6962,0.1085
268.85272,-34.861927,4.701,0.101,-4.994,0.075,3.5295,0.0807,13.5206,12.373,13.0168,0.183
268.7945,-34.869965,3.203,0.147,-4.991,0.129,3.4738,0.0948,12.9314,11.9337,12.5066,0.133
268.81488,-34.85775,3.258,0.152,-5.364,0.105,3.6706,0.0876,12.331,11.3748,11.9301,0.235
268.80188,-34.83535,4.07,0.115,-4.699,0.096,3.6101,0.0813,11.2139,10.4975,10.9257,0.07
268.72256,-34.890644,3.858,0.095,-4.501,0.077,3.6267,0.0583,11.5835,10.8232,11.2765,0.076
268.7241,-34.837452,2.969,0.367,-4.824,0.306,3.5142,0.2009,18.3023,15.9104,17.1475,
268.7146,-34.843163,3.153,0.123,-5.632,0.097,3.5619,0.077,9.5258,9.2268,9.4075,0.27
269.0081,-34.88381,2.647,0.069,-5.801,0.053,3.5207,0.0402,14.1315,12.8596,13.5622,0.139
269.10272,-34.75376,3.72,0.124,-5.378,0.101,3.6856,0.0619,9.1946,8.9322,9.0871,0.2137
268.9178,-34.74668,4.039,0.125,-5.636,0.093,3.504,0.0742,13.1844,12.1568,12.7444,0.0987
268.83105,-34.731575,2.466,0.069,-5.471,0.057,3.491,0.0573,14.8752,13.3973,14.2022,0.116
268.9543,-34.708317,3.984,0.108,-5.015,0.088,3.6504,0.0624,12.0671,11.2149,11.7277,0.09
268.95316,-34.715744,3.191,0.111,-4.259,0.09,3.4901,0.0742,16.3003,14.4197,15.3943,0.0053
268.9522,-34.69316,3.488,0.101,-4.948,0.084,3.6733,0.0626,10.3898,9.6986,10.1068,
268.9578,-34.652737,2.984,0.099,-5.601,0.08,3.5265,0.0613,11.9261,11.1123,11.5954,0.1337
268.28888,-35.253223,3.228,0.102,-4.978,0.084,3.5364,0.0635,16.8345,14.8046,15.8504,0.0355
268.30634,-35.23736,4.075,0.056,-5.52,0.046,3.6775,0.0336,13.8897,12.6665,13.3509,
268.21524,-35.213142,1.693,0.149,-5.462,0.124,3.3316,0.1068,16.8009,14.5193,15.6507,
268.2629,-35.164738,3.26,0.118,-5.543,0.097,3.5355,0.0844,9.0416,8.8847,8.9736,0.132
268.32053,-35.201138,3.597,0.136,-5.177,0.123,3.5015,0.0957,15.2886,13.4685,14.4297,0.75
268.30563,-35.167103,2.129,0.068,-4.521,0.056,3.6357,0.0429,15.2088,13.6044,14.4644,0.2435
268.34235,-35.14972,3.837,0.103,-5.673,0.086,3.6345,0.0575,11.705,10.8171,11.3366,0.225
268.39624,-35.1404,2.574,0.066,-5.387,0.055,3.4795,0.0412,14.9949,13.4966,14.3078,0.1973
268.36655,-35.11241,3.113,0.101,-5.172,0.081,3.5349,0.0647,9.9875,9.5752,9.8216,0.2805
268.26352,-35.11693,3.143,0.091,-6.048,0.074,3.602,0.055,11.6874,10.9102,11.381,0.043
268.29022,-35.104767,2.748,0.063,-4.926,0.051,3.5146,0.0347,13.5622,12.4497,13.0974,0.016
268.31363,-35.116806,3.245,0.102,-5.823,0.083,3.6213,0.0593,10.794,10.1838,10.5542,0.1995
268.33496,-35.1034,3.931,0.111,-5.895,0.094,3.4535,0.0856,16.9354,14.8668,15.9352,0.0503
268.14746,-35.147316,1.266,0.162,-5.624,0.131,3.5516,0.0811,17.1105,15.0322,16.1883,
268.0917,-35.14606,3.326,0.109,-5.517,0.087,3.5523,0.0702,16.7941,14.5241,15.6486,1.053
268.2576,-35.092323,2.627,0.093,-5.87,0.08,3.6614,0.0582,9.9661,9.5464,9.799,0.2365
268.24817,-35.083946,2.139,0.092,-5.622,0.078,3.3745,0.0681,16.4098,14.5029,15.5669,
268.27957,-35.008545,2.34,0.119,-5.299,0.099,3.5526,0.0726,17.1646,15.0369,16.2083,
268.2324,-35.01889,2.716,0.167,-5.824,0.132,3.4623,0.1147,6.5528,6.5138,6.5165,0.14
268.2489,-34.961674,4.064,0.089,-6.283,0.072,3.634,0.0575,12.5557,11.6465,12.1776,0.0277
268.41272,-35.05587,2.268,0.099,-5.859,0.084,3.5579,0.0633,12.4901,11.5259,12.1342,0.178
268.48294,-35.04078,1.588,0.099,-5.086,0.083,3.6927,0.0545,11.4977,10.7443,11.1943,0.1235
268.42886,-35.05059,2.105,0.087,-5.845,0.074,3.6663,0.0588,15.6611,13.8919,14.8572,0.3027
268.3906,-35.041855,3.02,0.098,-5.227,0.083,3.645,0.0616,11.787,11.0112,11.4716,0.0955
268.34222,-35.039394,2.723,0.096,-4.738,0.081,3.5575,0.0609,12.2909,11.3157,11.8743,0.196
268.46442,-35.00004,2.922,0.065,-4.976,0.056,3.5288,0.0396,14.774,13.3679,14.1424,0.0443
268.55563,-34.93853,3.152,0.083,-6.063,0.066,3.6462,0.0549,16.0819,14.2707,15.3263,
268.54044,-34.92595,2.551,0.133,-5.888,0.11,3.6144,0.0794,17.4858,15.3,16.4398,
268.5565,-34.93965,3.129,0.088,-6.049,0.072,3.6028,0.0535,12.3666,11.4856,12.0035,0.0385
268.49545,-34.89406,3.155,0.063,-5.765,0.052,3.5438,0.0395,15.1096,13.5554,14.4167,0.222
268.34296,-35.008472,2.143,0.11,-3.819,0.093,3.5717,0.068,11.9824,11.1162,11.6204,0.124
268.38333,-34.957005,3.1,0.081,-4.537,0.069,3.581,0.0456,13.2274,12.1778,12.7746,0.075
268.28445,-34.985554,3.076,0.136,-5.178,0.114,3.616,0.0727,10.7558,10.1421,10.5136,0.199
268.33142,-34.926277,2.718,0.114,-5.101,0.096,3.5583,0.0543,11.0695,10.413,10.8065,0.1135
268.3397,-34.904964,3.329,0.093,-5.724,0.08,3.648,0.0504,12.385,11.4725,12.0063,0.1105
268.33862,-34.90971,3.267,0.086,-6.178,0.074,3.5957,0.0475,12.5174,11.6123,12.1408,0.0515
268.34015,-34.888256,3.023,0.1,-5.441,0.086,3.5449,0.0724,16.009,14.2511,15.2703,
268.46408,-34.89468,2.866,0.098,-4.862,0.078,3.6428,0.0569,10.0218,9.6126,9.8549,0.2615
268.44583,-34.846355,3.451,0.108,-5.706,0.091,3.4443,0.0595,7.7818,7.6917,7.7374,0.2627
268.36792,-34.899338,2.804,0.127,-4.598,0.107,3.4147,0.0721,9.7826,9.1652,9.625,
268.38788,-34.877514,4.007,0.093,-6.382,0.076,3.551,0.0558,16.3341,14.4443,15.4403,0.069
268.38123,-34.86434,3.678,0.053,-5.156,0.043,3.6471,0.0308,13.638,12.5131,13.1506,0.075
268.41708,-34.830906,3.459,0.075,-5.586,0.061,3.4393,0.046,15.8224,14.0621,14.9904,0.227
268.4343,-34.831615,4.238,0.151,-5.531,0.123,3.3991,0.079,9.6212,9.0635,9.402,0.5767
268.4387,-34.81482,4.034,0.114,-5.282,0.091,3.5046,0.0642,10.3532,9.847,10.1506,0.309
268.4601,-34.818703,3.488,0.061,-5.596,0.048,3.667,0.0349,13.7439,12.5904,13.2493,0.1237
268.4339,-34.794395,2.73,0.117,-5.23,0.099,3.4462,0.0631,7.1582,7.1109,7.1265,0.2867
268.06546,-34.96993,3.329,0.094,-4.864,0.076,3.5085,0.0473,9.3096,8.8972,9.1441,0.4445
268.08344,-34.97443,3.457,0.101,-4.966,0.083,3.5945,0.054,8.0868,8.0069,8.0463,0.2033
268.20758,-34.962547,2.788,0.093,-4.385,0.075,3.5496,0.0643,12.8153,11.8606,12.4152,0.0497
268.17773,-34.97091,2.788,0.106,-5.678,0.086,3.4401,0.0667,17.1165,14.9024,16.0514,
268.17032,-34.929363,3.533,0.117,-5.317,0.095,3.5773,0.0616,8.2518,8.1623,8.2052,0.214
267.98428,-35.026337,3.183,0.094,-6.214,0.073,3.6192,0.0481,12.918,11.9434,12.5046,0.057
268.01636,-34.97114,3.529,0.119,-5.522,0.095,3.3944,0.0665,16.5965,14.6397,15.7007,
267.9685,-34.94472,2.977,0.088,-5.51,0.068,3.7116,0.0533,10.794,10.0524,10.4899,
268.00476,-34.91372,3.618,0.07,-5.617,0.056,3.5325,0.0439,13.6926,12.5456,13.1949,
267.9756,-34.885242,2.914,0.059,-5.41,0.047,3.5867,0.033,13.9179,12.7162,13.3943,
268.0671,-34.917877,2.394,0.082,-4.576,0.068,3.5503,0.0436,15.7473,14.048,14.9955,0.1173
268.04123,-34.89454,3.565,0.156,-4.888,0.131,3.6948,0.0917,8.9811,8.7601,8.8925,0.237
268.05692,-34.7992,3.148,0.196,-5.604,0.161,3.6766,0.1521,5.8118,5.9587,5.8442,0.094
268.21967,-34.91853,2.226,0.059,-5.273,0.048,3.6081,0.0338,14.8134,13.3656,14.1588,0.108
268.20413,-34.866154,3.639,0.066,-5.75,0.056,3.603,0.0426,15.074,13.5208,14.3896,0.2463
268.23706,-34.856617,2.532,0.097,-5.066,0.082,3.5443,0.0475,13.1762,12.1051,12.7541,0.1483
268.21603,-34.83197,2.022,0.113,-6.151,0.101,3.613,0.0556,16.7882,14.7259,15.7891,0.1245
268.29837,-34.827755,2.068,0.094,-4.588,0.078,3.5548,0.0477,9.3069,9.0256,9.196,0.263
268.3719,-34.806225,2.82,0.066,-6.179,0.053,3.5554,0.0423,13.6461,12.4837,13.1393,0.1383
268.376,-34.759727,3.799,0.113,-5.496,0.085,3.5449,0.054,9.0192,8.8386,8.9465,0.18
268.38776,-34.749874,3.54,0.109,-4.713,0.085,3.6802,0.0569,10.1401,9.6767,9.9544,0.3007
268.26935,-34.76113,2.188,0.102,-5.411,0.082,3.427,0.0582,8.9879,8.7217,8.8804,0.1775
268.2927,-34.747383,3.927,0.107,-5.283,0.094,3.6383,0.0488,16.3459,14.4514,15.4562,0.114
268.28745,-34.764412,3.78,0.096,-5.221,0.075,3.5326,0.0449,11.2273,10.5486,10.957,0.047
268.2812,-34.747814,3.309,0.096,-5.415,0.08,3.6581,0.0548,9.2328,9.0367,9.1514,0.21
268.3287,-34.755234,4.031,0.083,-5.399,0.068,3.5188,0.0447,16.5625,14.5977,15.6299,0.1645
268.36203,-34.735485,3.769,0.062,-4.774,0.048,3.5908,0.0287,13.8149,12.6091,13.2863,0.173
268.3168,-34.71767,2.413,0.07,-4.701,0.056,3.5799,0.0324,13.6521,12.5124,13.1682,
268.3297,-34.70286,2.814,0.112,-5.542,0.092,3.5985,0.0531,13.0589,12.0352,12.6237,0.086
268.16965,-34.804203,2.479,0.095,-4.543,0.08,3.566,0.0521,10.5386,9.9936,10.3246,0.2635
268.22726,-34.77385,2.828,0.098,-5.491,0.083,3.5742,0.0506,10.935,10.2986,10.6816,0.101
268.18802,-34.76281,3.033,0.143,-6.136,0.12,3.5523,0.062,9.8229,9.4675,9.6832,
268.1833,-34.75471,3.11,0.095,-4.273,0.08,3.4542,0.0624,16.2804,14.3475,15.4264,
268.12717,-34.793617,2.643,0.095,-4.828,0.08,3.5789,0.0511,12.8952,11.9062,12.4795,0.061
268.15213,-34.725597,3.966,0.092,-5.606,0.078,3.5858,0.0599,13.253,12.1988,12.8061,0.053
268.2999,-34.678352,2.799,0.097,-4.209,0.077,3.5584,0.0536,12.2977,11.4215,11.9363,0.0985
268.30902,-34.693,3.125,0.115,-5.784,0.091,3.6334,0.0617,10.8384,10.2104,10.5886,0.165
268.2787,-34.6856,2.434,0.081,-5.079,0.065,3.5212,0.0473,15.9046,14.1459,15.082,0.186
268.25156,-34.6349,3.425,0.064,-6.373,0.051,3.6573,0.0361,14.6485,13.1865,14.0156,0.2827
268.20328,-34.635284,3.605,0.098,-5.759,0.078,3.5997,0.0497,10.4153,9.8827,10.2029,0.278
268.6075,-34.896328,2.571,0.156,-5.498,0.127,3.4682,0.1095,17.2255,14.8956,16.1219,
268.592,-34.87844,4.305,0.122,-5.326,0.098,3.4591,0.067,7.0572,7.0212,7.0319,0.1538
268.64728,-34.857574,4.102,0.174,-4.952,0.132,3.6134,0.0926,9.13,8.8693,9.0344,
268.61746,-34.850513,2.565,0.056,-5.527,0.046,3.6255,0.0378,13.6202,12.4786,13.1275,
268.54095,-34.88636,4.026,0.063,-6.059,0.05,3.4908,0.0368,13.4855,12.4071,13.0205,0.0757
268.55786,-34.846443,3.103,0.101,-4.064,0.081,3.5345,0.0599,9.5729,9.2808,9.4519,
268.60574,-34.793587,2.471,0.054,-5.493,0.042,3.5056,0.0335,13.5193,12.385,13.0405,0.1657
268.6749,-34.846382,3.812,0.104,-5.515,0.086,3.5306,0.0961,13.3859,12.3083,12.9234,0.089
268.67972,-34.860847,2.807,0.144,-5.955,0.117,3.5603,0.0969,17.2014,15.0269,16.1973,
268.71997,-34.751015,3.21,0.13,-5.168,0.106,3.7624,0.0932,8.4115,8.273,8.3558,0.2193
268.66785,-34.770477,2.87,0.065,-5.413,0.05,3.8088,0.044,13.9245,12.685,13.3809,0.1098
268.61368,-34.778316,2.499,0.113,-4.499,0.086,3.6478,0.0685,9.5935,9.2824,9.4644,0.2138
268.63986,-34.74879,2.86,0.115,-5.234,0.089,3.3915,0.0804,9.5614,9.2785,9.448,0.3037
268.63376,-34.75377,3.448,0.153,-5.678,0.125,3.3745,0.1507,10.908,10.2043,10.6225,0.3715
268.6436,-34.761444,3.046,0.147,-5.731,0.101,3.5613,0.0829,11.3365,10.6235,11.0512,0.072
268.66583,-34.731,2.59,0.086,-5.638,0.066,3.364,0.0616,15.7943,14.0527,14.9929,0.2542
268.49222,-34.83106,4.245,0.149,-5.202,0.117,3.3632,0.0716,6.4103,6.3342,6.3624,
268.56476,-34.792206,3.538,0.124,-5.649,0.098,3.3462,0.0861,13.5448,12.3658,13.0544,
268.54492,-34.799534,3.417,0.092,-5.318,0.072,3.5386,0.0623,9.2303,9.0346,9.1494,0.1193
268.5535,-34.804974,3.615,0.145,-4.756,0.111,3.5569,0.0739,12.3231,11.4547,11.9654,0.0728
268.5257,-34.76168,2.892,0.105,-5.767,0.082,3.4662,0.0623,8.8244,8.6434,8.7497,0.199
268.4882,-34.767334,3.613,0.142,-4.163,0.112,3.4612,0.1056,13.0575,12.0357,12.6299,0.12
268.476,-34.768852,2.631,0.107,-4.315,0.085,3.6264,0.0597,12.6929,11.7425,12.2941,0.0937
268.47733,-34.78419,2.518,0.094,-4.736,0.075,3.6085,0.0535,13.1318,11.9417,12.6061,0.358
268.4374,-34.762283,2.89,0.124,-5.113,0.099,3.5542,0.064,8.9849,8.7758,8.8995,0.2718
268.51596,-34.734844,3.252,0.107,-5.072,0.088,3.486,0.0631,8.4666,8.3336,8.4096,0.216
268.5948,-34.73286,2.636,0.103,-4.691,0.083,3.5476,0.0599,12.5039,11.5974,12.1272,0.09
268.5599,-34.727646,2.994,0.125,-5.849,0.095,3.6085,0.0712,6.8918,6.8032,6.8427,0.186
268.62973,-34.66505,3.707,0.127,-5.055,0.09,3.5833,0.0763,13.0036,11.8267,12.4911,
268.55228,-34.64324,3.467,0.111,-6.291,0.08,3.5955,0.0621,11.3179,10.5831,11.0217,0.1527
268.77237,-34.69034,3.307,0.091,-5.119,0.071,3.5934,0.0672,16.1637,14.296,15.2733,0.2337
268.8376,-34.668564,2.525,0.075,-5.711,0.058,3.5125,0.0645,14.5996,13.1877,13.9698,0.225
268.74237,-34.671886,3.274,0.071,-4.999,0.054,3.5839,0.0495,14.3617,13.0241,13.7565,0.164
268.73477,-34.655445,2.337,0.146,-4.482,0.117,3.7539,0.1125,17.4859,15.2299,16.403,
268.74045,-34.637108,3.122,0.114,-5.543,0.091,3.5101,0.0781,11.8762,11.0573,11.549,0.1137
268.89218,-34.62135,2.773,0.105,-5.838,0.085,3.3966,0.0806,11.6037,10.7089,11.2305,0.3295
268.8203,-34.609146,2.777,0.078,-5.207,0.061,3.6449,0.046,14.9907,13.4766,14.3937,
268.82202,-34.589638,1.827,0.077,-5.31,0.059,3.4262,0.0561,15.4712,13.604,14.5738,0.7843
268.8918,-34.54398,3.335,0.129,-5.666,0.106,3.7023,0.087,13.2988,12.0351,12.7385,0.392
268.61316,-34.573986,3.573,0.082,-4.102,0.063,3.5811,0.0427,14.6454,13.2523,14.028,0.0763
268.65228,-34.562347,1.638,0.107,-5.523,0.082,3.3746,0.0653,10.5512,9.9536,10.3131,0.39
268.69952,-34.542168,3.002,0.106,-5.247,0.083,3.4188,0.0586,6.9642,6.8226,6.9012,0.3177
268.68375,-34.531456,3.317,0.079,-4.724,0.06,3.5936,0.0493,15.6275,13.9151,14.8086,0.0658
268.76242,-34.56604,3.786,0.116,-5.876,0.093,3.7399,0.0715,16.6935,14.7121,15.7993,
268.73898,-34.523056,2.473,0.189,-5.0,0.145,3.7473,0.1235,17.7884,15.4937,16.7246,
268.40982,-34.75058,3.381,0.183,-5.023,0.147,3.7454,0.1055,15.1975,13.4091,14.3369,
268.4513,-34.70293,2.958,0.067,-4.915,0.051,3.5734,0.0369,13.4053,12.3252,12.9446,0.0807
268.38803,-34.711605,3.505,0.062,-5.374,0.047,3.5648,0.03,14.2339,12.9557,13.6659,0.079
268.47678,-34.641853,3.098,0.08,-5.846,0.062,3.7181,0.0457,16.3601,14.4136,15.4309,0.2377
268.4923,-34.629295,2.909,0.089,-4.603,0.066,3.5213,0.0476,12.4728,11.563,12.0949,0.103
268.558,-34.5563,3.887,0.068,-5.84,0.051,3.5228,0.0419,13.8702,12.6793,13.3507,0.127
268.4516,-34.613075,2.684,0.087,-4.576,0.066,3.5471,0.048,10.7599,10.1462,10.5154,0.1255
268.5225,-34.56291,2.516,0.12,-4.517,0.082,3.6685,0.0681,10.6872,10.083,10.446,0.102
268.53867,-34.54715,2.383,0.129,-5.129,0.09,3.3942,0.0696,16.0649,14.2369,15.2334,0.377
268.49747,-34.50998,2.581,0.126,-5.901,0.1,3.6074,0.079,8.6416,8.3665,8.528,0.3045
268.32477,-34.62562,3.741,0.117,-5.42,0.096,3.5485,0.0545,11.9186,11.1125,11.5932,0.0827
268.3166,-34.62085,3.436,0.144,-5.73,0.113,3.4809,0.0719,6.9471,6.928,6.9275,0.1945
268.37912,-34.59306,2.11,0.096,-4.958,0.076,3.4574,0.0549,11.8575,11.0403,11.5238,0.149
268.35776,-34.604366,2.202,0.1,-4.469,0.08,3.4798,0.0562,9.9103,9.5295,9.7595,
268.31485,-34.544403,3.037,0.151,-5.379,0.128,3.5923,0.0475,14.7246,13.3148,14.1013,0.0695
268.4698,-34.508133,2.467,0.119,-5.204,0.09,3.3903,0.0719,12.4604,11.5721,12.0943,0.097
268.4667,-34.467785,3.754,0.112,-5.98,0.091,3.5543,0.0747,10.3945,9.6776,10.099,
268.35394,-34.481457,2.285,0.115,-5.838,0.086,3.5185,0.0747,12.5513,11.6562,12.1843,0.046
268.62427,-34.523067,3.948,0.097,-5.731,0.077,3.5676,0.061,16.1432,14.3036,15.3352,
268.6555,-34.505524,2.945,0.112,-4.618,0.088,3.6099,0.0636,11.6788,10.8647,11.3536,0.1883
268.6479,-34.481777,2.886,0.133,-4.651,0.103,3.3778,0.0802,17.2106,15.0351,16.1945,
268.5307,-34.47977,3.543,0.106,-3.938,0.085,3.4924,0.0753,11.4002,10.6438,11.1066,0.155
268.613,-34.466724,3.984,0.109,-5.201,0.084,3.373,0.0601,6.1222,5.9879,6.0578,0.2843
268.56354,-34.464066,2.085,0.138,-4.524,0.109,3.558,0.1099,16.9005,14.7114,15.8484,
268.59518,-34.422554,3.83,0.102,-5.739,0.078,3.4815,0.0602,10.058,9.615,9.8839,
268.69968,-34.451363,2.759,0.057,-5.145,0.045,3.5846,0.0308,14.0526,12.8015,13.5011,0.143
268.7413,-34.39409,3.56,0.078,-5.275,0.063,3.6132,0.0423,13.3654,12.2706,12.9017,0.0953
268.47897,-34.471104,3.587,0.081,-5.868,0.064,3.5718,0.0707,14.2522,12.9518,13.6725,0.106
268.52707,-34.42068,2.923,0.096,-6.111,0.074,3.6039,0.058,15.9086,14.1323,15.0782,0.215
268.55057,-34.397987,3.271,0.067,-5.448,0.052,3.507,0.0401,14.6432,13.2434,14.0155,0.0848
268.53018,-34.384483,3.009,0.117,-4.801,0.092,3.4577,0.0748,16.9228,14.8978,15.9891,
268.45773,-34.439255,3.076,0.115,-4.993,0.088,3.5305,0.079,16.6279,14.6489,15.7449,
268.4559,-34.39504,3.241,0.129,-5.131,0.104,3.6682,0.0864,10.5102,9.9269,10.2784,0.34
268.59006,-34.31676,2.93,0.067,-5.275,0.053,3.5411,0.0485,13.6559,12.4888,13.1655,
268.59232,-34.28243,4.36,0.08,-5.056,0.064,3.5763,0.0485,14.3378,12.9721,13.7301,0.1773
267.55,-35.280907,2.594,0.139,-5.733,0.116,3.6507,0.0937,13.2414,12.174,12.7828,0.1063
267.53812,-35.141483,3.259,0.066,-5.382,0.051,3.606,0.05,14.1346,12.8756,13.5759,0.096
267.4005,-35.166542,3.26,0.123,-4.192,0.101,3.5788,0.0987,10.1464,9.5478,9.9015,0.506
267.50806,-35.045948,2.422,0.111,-5.597,0.086,3.4298,0.0849,16.0539,14.2185,15.2779,
267.75885,-35.07055,3.216,0.142,-5.312,0.114,3.5341,0.0942,7.6063,7.575,7.5812,0.1427
267.7752,-35.01778,2.068,0.123,-5.077,0.099,3.652,0.0715,11.4607,10.6548,11.1313,0.1395
267.7078,-35.017624,2.575,0.091,-4.717,0.073,3.5808,0.0632,11.6163,10.8824,11.3228,0.045
267.7032,-34.984642,3.135,0.213,-5.762,0.171,3.3805,0.1477,17.241,15.022,16.1899,
267.7954,-35.010864,3.483,0.104,-5.961,0.084,3.5902,0.0624,15.9602,14.175,15.127,0.274
267.8166,-35.005127,3.223,0.093,-5.712,0.076,3.6194,0.0612,12.4374,11.5455,12.0698,0.067
267.61908,-35.008892,3.021,0.107,-5.336,0.085,3.4744,0.0654,11.4145,10.712,11.1313,0.0917
267.78293,-34.8591,2.842,0.092,-5.065,0.072,3.4963,0.0553,12.996,12.0117,12.5841,0.0637
267.70068,-34.831097,2.936,0.058,-5.433,0.047,3.6161,0.0327,13.6203,12.4873,13.137,0.1175
267.5997,-34.84258,3.502,0.086,-5.383,0.066,3.6279,0.0492,15.8956,14.1151,15.0609,0.2077
267.70752,-34.77591,4.696,0.092,-5.574,0.072,3.5361,0.0541,12.1125,11.1835,11.7245,0.199
267.42007,-34.817753,2.777,0.079,-5.044,0.06,3.5919,0.0461,13.3841,12.3141,12.9265,0.0793
267.46814,-34.78038,2.422,0.092,-5.611,0.07,3.5169,0.055,11.4257,10.7134,11.1385,0.1075
267.41714,-34.761044,3.12,0.056,-5.291,0.043,3.6927,0.0334,13.9433,12.7154,13.4043,0.0922
267.53024,-34.739037,2.392,0.053,-5.048,0.041,3.5826,0.0294,14.0762,12.7814,13.5541,0.244
267.55142,-34.673603,2.534,0.195,-5.144,0.159,3.5546,0.1384,17.7635,15.4712,16.6886,
267.51306,-34.705086,2.68,0.062,-4.423,0.045,3.4807,0.0319,13.8997,12.686,13.3897,0.1597
267.3033,-34.71899,2.501,0.058,-5.667,0.045,3.5899,0.0337,14.6194,13.2309,14.0148,0.0735
267.44522,-34.666145,2.994,0.065,-4.798,0.053,3.687,0.0395,15.434,13.7826,14.6998,0.237
267.51883,-34.60049,2.227,0.132,-5.051,0.104,3.6925,0.0734,17.2759,15.0817,16.25,
267.50323,-34.559074,2.107,0.128,-5.714,0.1,3.4864,0.0682,17.244,15.0391,16.1969,
267.4065,-34.608917,2.839,0.088,-5.984,0.072,3.3657,0.0593,16.085,14.2126,15.2638,
267.47806,-34.561043,2.917,0.071,-5.102,0.057,3.4813,0.0495,14.9229,13.412,14.2393,0.2083
267.89148,-34.91777,2.634,0.093,-5.146,0.075,3.5231,0.0559,16.5078,14.567,15.6235,
267.89932,-34.828865,2.451,0.065,-4.24,0.052,3.5974,0.0399,15.2157,13.5835,14.4587,0.3057
267.96597,-34.836197,3.575,0.104,-5.517,0.085,3.4381,0.056,9.9071,9.5534,9.7663,
267.97565,-34.79709,3.545,0.104,-5.912,0.085,3.5433,0.0585,11.2495,10.565,10.9725,0.0742
267.97034,-34.782448,3.268,0.124,-5.503,0.104,3.5939,0.067,7.802,7.7842,7.7885,0.1173
267.81647,-34.813812,3.221,0.058,-4.933,0.045,3.4222,0.0353,14.1099,12.8541,13.6147,0.189
267.87875,-34.77005,4.441,0.131,-5.72,0.111,3.7247,0.086,15.8489,13.96,14.9505,0.605
268.08127,-34.721634,2.904,0.094,-4.737,0.08,3.6144,0.0552,16.0635,13.9954,15.0536,
268.05453,-34.70776,3.67,0.057,-6.617,0.047,3.434,0.0308,13.806,12.6533,13.3064,0.048
268.12793,-34.657265,2.757,0.084,-5.174,0.071,3.341,0.0518,16.1731,14.3587,15.3297,0.3017
268.02838,-34.655636,2.97,0.098,-5.102,0.082,3.4436,0.06,9.1141,8.8337,9.0001,0.221
268.08688,-34.61809,1.989,0.092,-5.637,0.077,3.5918,0.0522,11.5524,10.8235,11.2538,0.1105
268.16696,-34.623344,1.909,0.101,-6.504,0.082,3.646,0.0584,12.2015,11.2013,11.7961,0.221
268.22693,-34.59138,4.422,0.11,-4.527,0.087,3.5299,0.0584,8.9499,8.5953,8.8081,0.3955
268.1105,-34.59509,2.846,0.058,-6.391,0.049,3.5606,0.0329,14.3766,13.0509,13.811,0.176
268.0959,-34.58175,3.065,0.1,-6.315,0.084,3.568,0.0535,12.9466,11.9682,12.5383,0.057
268.0925,-34.58582,2.383,0.091,-4.981,0.076,3.5926,0.051,13.1467,12.1232,12.713,0.0165
268.17133,-34.52932,3.508,0.099,-4.27,0.08,3.4862,0.0595,10.2492,9.7735,10.0606,0.2903
267.95966,-34.548183,3.725,0.112,-4.601,0.094,3.5741,0.0566,8.6845,8.5558,8.6249,0.1932
268.02618,-34.518745,3.311,0.368,-5.188,0.321,3.3738,0.2084,17.1916,15.0675,16.2423,
268.0258,-34.501408,2.993,0.054,-6.6,0.045,3.6482,0.0271,14.0362,12.6018,13.3799,0.3385
268.04968,-34.452946,2.385,0.095,-4.722,0.075,3.5541,0.0569,13.2184,12.1689,12.7747,0.089
267.80887,-34.592766,2.73,0.101,-5.235,0.081,3.5233,0.0579,9.6046,9.2985,9.4824,0.2003
267.85706,-34.55994,3.522,0.09,-5.4,0.073,3.5565,0.0481,9.0648,8.6895,8.9155,0.4153
267.788,-34.57238,2.772,0.06,-5.717,0.048,3.522,0.0337,14.9518,13.4635,14.2741,0.209
267.6399,-34.529198,2.914,0.068,-5.606,0.053,3.6511,0.0385,13.283,12.2163,12.838,0.077
267.77118,-34.51646,2.124,0.131,-5.566,0.107,3.4759,0.0734,16.9782,14.9087,16.0604,
267.7199,-34.425514,3.659,0.088,-5.167,0.07,3.5902,0.048,10.1543,9.6675,9.962,0.4325
267.90796,-34.570686,3.739,0.055,-5.848,0.043,3.5984,0.0279,13.697,12.5551,13.2051,0.0453
267.88275,-34.535587,2.951,0.086,-4.219,0.07,3.5697,0.0445,13.035,12.0252,12.6176,0.047
267.93152,-34.463642,2.876,0.15,-4.365,0.129,3.4934,0.0792,17.1668,14.9984,16.169,
267.8556,-34.48727,3.599,0.105,-4.524,0.09,3.5112,0.0558,11.533,10.7977,11.232,0.0718
267.93106,-34.425556,2.393,0.087,-5.213,0.074,3.7558,0.0458,16.0867,14.2515,15.2438,0.021
267.98883,-34.36068,3.424,0.098,-4.936,0.078,3.4945,0.0512,12.1226,11.2555,11.7679,0.1293
267.97794,-34.34126,3.012,0.093,-5.807,0.073,3.66,0.0482,12.7146,11.7585,12.3169,0.077
268.25223,-34.557396,2.204,0.12,-5.896,0.097,3.5867,0.0738,11.4871,10.7512,11.1858,0.075
268.25104,-34.517944,3.065,0.056,-5.459,0.045,3.4904,0.0326,13.6324,12.5104,13.1493,0.0237
268.1905,-34.512245,2.743,0.129,-5.183,0.104,3.6126,0.0602,9.4536,9.1317,9.3246,0.306
268.27475,-34.45535,2.488,0.059,-6.048,0.046,3.5349,0.0352,14.264,12.9775,13.6982,0.098
268.23517,-34.44604,3.844,0.122,-4.982,0.099,3.7077,0.0689,8.7293,8.5249,8.6438,0.2925
268.3386,-34.476994,3.099,0.132,-5.668,0.1,3.489,0.0922,17.1108,14.9486,16.0849,
268.30316,-34.445858,3.32,0.106,-5.321,0.082,3.4716,0.0703,11.9459,11.0227,11.5568,0.301
268.31848,-34.337837,2.723,0.108,-6.185,0.086,3.601,0.0796,9.8048,9.4462,9.6604,
268.13705,-34.479683,2.105,0.09,-5.419,0.073,3.526,0.0559,12.059,11.241,11.7281,0.0533
268.15372,-34.410362,2.953,0.065,-4.826,0.052,3.4743,0.038,14.9852,13.4915,14.3037,0.2257
268.1499,-34.41425,2.991,0.086,-5.682,0.068,3.6477,0.0507,13.3552,12.2685,12.8915,0.082
268.08234,-34.416843,2.346,0.21,-5.411,0.16,3.735,0.1072,6.1042,4.8379,5.5016,
268.10098,-34.38379,1.953,0.179,-6.049,0.142,3.6256,0.0969,17.9995,15.5694,16.8498,
268.24152,-34.350403,2.394,0.107,-5.015,0.081,3.3926,0.0749,10.9331,10.2794,10.6709,
268.3172,-34.311455,4.058,0.092,-5.442,0.073,3.5445,0.0679,13.2616,12.1896,12.7975,0.1215
268.18796,-34.31834,2.991,0.137,-5.316,0.088,3.6229,0.0669,16.4507,14.4981,15.5546,
268.4318,-34.243313,3.915,0.076,-5.266,0.061,3.5354,0.049,15.5761,13.8662,14.7632,0.2205
268.4734,-34.193935,2.322,0.053,-5.111,0.043,3.5394,0.0346,13.6022,12.4279,13.091,0.2
268.32227,-34.284084,3.114,0.061,-5.677,0.048,3.5257,0.0436,13.9443,12.7354,13.4139,
268.35352,-34.285835,3.151,0.121,-4.669,0.092,3.5499,0.093,12.0844,11.2289,11.7323,0.1353
268.36697,-34.242287,2.391,0.072,-4.865,0.056,3.4773,0.0432,15.1641,13.5702,14.4675,0.3713
268.2684,-34.22664,2.086,0.162,-5.401,0.129,3.5894,0.1211,17.847,15.5005,16.7571,
268.325,-34.179493,3.438,0.11,-5.209,0.088,3.6989,0.0694,16.6482,14.3946,15.5424,
268.4633,-34.118664,4.123,0.066,-5.416,0.052,3.5849,0.0386,15.2717,13.6504,14.5273,
268.4678,-34.117966,2.963,0.066,-5.026,0.05,3.5235,0.0373,14.5153,13.1315,13.8927,0.165
268.375,-34.14843,2.887,0.122,-4.908,0.09,3.6905,0.0703,16.1502,14.1087,15.1564,
267.98746,-34.312515,2.854,0.084,-5.0,0.069,3.7053,0.0449,15.0828,13.5535,14.3893,0.1985
268.12076,-34.186394,2.4,0.133,-5.215,0.098,3.7884,0.0707,16.8693,14.7887,15.8598,0.062
267.9504,-34.28435,2.995,0.072,-5.777,0.059,3.4739,0.0383,14.7896,13.2986,14.1803,0.312
268.04095,-34.24996,3.211,0.231,-5.379,0.176,3.5118,0.1146,18.2985,15.8482,17.1383,
268.01486,-34.2144,2.824,0.086,-6.425,0.07,3.6465,0.0368,15.2896,13.6809,14.5454,0.2245
268.27316,-34.131126,3.239,0.059,-4.943,0.045,3.627,0.0324,14.512,13.1323,13.8838,0.1535
268.2051,-34.114834,2.102,0.173,-5.628,0.131,3.5763,0.0955,6.3257,4.9729,5.6643,0.2285
268.20187,-34.128063,2.274,0.104,-5.368,0.079,3.6934,0.055,11.9354,11.0989,11.6079,0.087
268.37244,-34.012825,2.759,0.062,-5.045,0.049,3.5637,0.0347,14.425,12.9285,13.7396,0.428
268.21732,-34.030666,3.003,0.081,-4.77,0.064,3.5444,0.0441,15.6739,13.9768,14.8711,0.089
268.13272,-34.027584,2.366,0.08,-5.489,0.059,3.5621,0.0494,15.3855,13.7588,14.6411,0.1735
267.64114,-34.450768,1.999,0.086,-4.937,0.07,3.6345,0.0486,12.0906,11.2626,11.7537,
267.64218,-34.357994,2.881,0.094,-5.019,0.077,3.504,0.0579,16.6628,14.6662,15.696,0.3
267.6197,-34.341026,3.369,0.094,-5.171,0.077,3.5107,0.0574,9.8396,9.4986,9.7016,
267.47208,-34.373245,3.065,0.062,-4.609,0.05,3.5605,0.044,13.8859,12.6813,13.3572,
267.42346,-34.3584,2.793,0.052,-4.955,0.041,3.5448,0.0338,13.8128,12.6323,13.2959,0.1035
267.8061,-34.233875,2.403,0.075,-5.235,0.062,3.5515,0.0409,14.8817,13.3323,14.2336,0.392
267.74542,-34.08346,2.843,0.068,-5.389,0.055,3.5272,0.0419,15.1844,13.6079,14.4526,0.1985
267.72635,-34.07739,4.524,0.11,-5.341,0.087,3.6397,0.075,10.9377,10.1318,10.6037,
267.713,-34.049557,2.569,0.14,-5.483,0.11,3.4947,0.0758,17.6192,15.299,16.4509,0.2065
267.9012,-34.163815,3.39,0.063,-5.377,0.05,3.6686,0.0379,14.4178,13.0695,13.8093,0.0995
267.95398,-34.133476,2.95,0.119,-4.592,0.096,3.5135,0.0846,10.8552,10.227,10.6052,
267.95255,-34.0797,2.792,0.189,-4.578,0.149,3.5943,0.1364,17.7466,15.4763,16.6935,
267.99094,-33.97407,4.129,0.089,-5.826,0.073,3.3426,0.068,16.0801,14.1539,15.1551,0.6845
267.81476,-34.089718,2.451,0.108,-4.345,0.084,3.7515,0.0624,15.7959,14.023,14.9724,0.22
267.80264,-34.070152,2.81,0.151,-4.418,0.118,3.5871,0.086,17.9586,15.3057,16.5768,
267.82956,-33.992878,3.028,0.16,-5.735,0.124,3.7979,0.1031,17.3043,15.0608,16.2337,
268.05118,-33.983482,3.844,0.064,-5.328,0.051,3.5748,0.0387,13.5032,12.3926,13.019,0.013
268.154,-33.940228,2.964,0.092,-4.661,0.072,3.5115,0.0615,12.7526,11.7856,12.3441,0.1255
268.1746,-33.90051,2.86,0.111,-5.038,0.086,3.5833,0.0718,11.4923,10.7191,11.1845,0.1468
268.06223,-33.867558,3.419,0.056,-5.394,0.045,3.572,0.0372,13.7452,12.5734,13.2356,0.084
269.5358,-34.91956,3.671,0.098,-4.346,0.082,3.5556,0.0568,13.0754,12.0337,12.6335,0.136
269.3964,-34.91984,3.779,0.094,-4.668,0.078,3.5269,0.0568,16.4151,14.4795,15.4987,0.19
269.44714,-34.904854,2.501,0.08,-5.681,0.069,3.5782,0.0521,16.0261,14.2123,15.1527,0.285
269.41736,-34.87869,3.722,0.053,-5.623,0.045,3.5658,0.0332,13.5553,12.4016,13.0663,0.143
269.63318,-34.933186,3.211,0.076,-6.459,0.064,3.5219,0.0433,14.0003,12.5512,13.437,
269.62546,-34.890038,2.877,0.146,-5.69,0.125,3.4612,0.0895,17.0119,14.988,16.1284,
269.3339,-34.890526,3.77,0.094,-5.156,0.082,3.556,0.0692,11.7546,10.9528,11.4285,0.052
269.35052,-34.810295,3.16,0.194,-5.37,0.167,3.3401,0.1138,18.1326,15.7735,17.0197,
269.20953,-34.766655,2.685,0.181,-5.429,0.146,3.573,0.0971,18.2396,15.7616,16.9907,
269.2205,-34.72192,3.166,0.073,-4.952,0.06,3.4908,0.0392,15.4132,13.7725,14.6579,0.27
269.22406,-34.70737,3.028,0.097,-4.486,0.082,3.5113,0.0451,13.4193,12.2951,12.9322,0.111
269.47797,-34.68571,3.88,0.159,-4.487,0.139,3.4545,0.1007,16.4411,14.4582,15.4921,0.378
269.6053,-34.60416,2.626,0.189,-4.402,0.17,3.4405,0.0808,11.9944,11.1422,11.6442,0.168
269.34488,-34.576324,3.322,0.097,-5.134,0.082,3.5681,0.058,16.3453,14.4337,15.4348,0.1397
269.3885,-34.51379,3.473,0.083,-5.222,0.073,3.6019,0.04,13.4253,12.2918,12.9312,0.1787
269.15808,-34.67273,3.51,0.1,-4.798,0.079,3.42,0.0488,11.1268,10.4404,10.8545,0.126
269.1879,-34.591835,3.314,0.113,-5.171,0.093,3.5195,0.0637,9.6553,9.1373,9.4472,
268.98233,-34.571583,2.845,0.102,-6.142,0.085,3.4293,0.0695,12.6613,11.6916,12.2617,0.1303
269.17474,-34.484085,2.977,0.067,-4.818,0.057,3.6551,0.0431,13.4766,12.314,12.9789,0.1687
269.0633,-34.521873,2.612,0.137,-5.49,0.118,3.577,0.0888,16.9153,14.5662,15.7564,
269.0939,-34.519913,3.0,0.107,-5.139,0.092,3.6118,0.0707,16.6132,14.6186,15.6451,0.2497
269.069,-34.52137,3.346,0.095,-6.074,0.079,3.6324,0.0612,11.9871,11.1276,11.6348,0.1167
269.09674,-34.49782,3.358,0.112,-4.877,0.1,3.677,0.0785,8.7345,8.5548,8.659,0.233
269.3045,-34.506786,3.476,0.073,-4.489,0.064,3.6151,0.0473,15.0991,13.5412,14.3911,0.1065
269.24026,-34.52069,4.128,0.105,-5.428,0.087,3.5848,0.0673,11.9819,11.1236,11.6277,0.0953
269.1978,-34.48493,3.716,0.089,-5.415,0.074,3.7343,0.0563,15.009,13.4816,14.3052,0.086
269.2303,-34.447567,3.674,0.099,-5.473,0.085,3.6391,0.0698,16.0072,14.1945,15.1584,0.178
269.59616,-34.492764,3.595,0.089,-4.164,0.078,3.4856,0.0409,14.2425,12.8993,13.6402,0.269
269.5736,-34.444054,3.583,0.286,-5.709,0.244,3.4901,0.1313,17.6491,15.178,16.4391,
269.4806,-34.38604,3.541,0.103,-4.714,0.089,3.6507,0.0543,11.4918,10.717,11.1774,0.1447
269.44263,-34.367855,3.237,0.142,-5.454,0.124,3.3501,0.0831,16.4708,14.521,15.5613,0.2855
269.46307,-34.32108,4.249,0.153,-5.362,0.125,3.6903,0.067,15.9492,14.1802,15.1291,0.187
269.4135,-34.333035,3.891,0.1,-5.096,0.087,3.5906,0.0523,13.046,12.006,12.6076,0.1445
269.3889,-34.262035,3.39,0.103,-4.461,0.088,3.623,0.0596,12.9797,11.9336,12.5403,0.1425
268.8726,-34.512592,3.423,0.106,-5.21,0.083,3.5186,0.0617,13.117,12.0313,12.706,0.208
268.87985,-34.481655,3.013,0.1,-4.689,0.079,3.6822,0.0558,10.2954,9.7723,10.0854,0.2913
268.92297,-34.456745,3.249,0.077,-5.813,0.06,3.5508,0.0446,15.4325,13.7961,14.6854,0.2165
269.05786,-34.3559,4.267,0.116,-5.818,0.095,3.4877,0.0752,10.6315,9.8955,10.3369,0.7118
268.87494,-34.407955,2.695,0.054,-4.86,0.043,3.515,0.0322,14.5776,13.1953,13.9564,0.1637
268.862,-34.341553,3.85,0.173,-5.176,0.144,3.4642,0.102,17.593,15.329,16.5515,
268.975,-34.35675,3.048,0.093,-5.535,0.077,3.5645,0.0613,12.2629,11.3714,11.8946,0.1213
268.98413,-34.28663,2.806,0.1,-5.091,0.085,3.5519,0.0632,7.9973,7.8793,7.946,0.282
269.0055,-34.298985,2.948,0.096,-5.216,0.082,3.5454,0.0572,16.1789,14.3057,15.2915,0.2775
268.92,-34.326412,2.872,0.186,-4.517,0.155,3.7496,0.1089,17.3607,15.1294,16.3133,
269.097,-34.263077,3.578,0.149,-5.352,0.13,3.5232,0.0972,17.2121,15.0479,16.1593,0.162
269.10135,-34.233883,3.274,0.094,-5.57,0.079,3.5919,0.0506,12.5281,11.5905,12.1367,0.118
269.00696,-34.223324,2.944,0.092,-6.017,0.075,3.5598,0.0535,13.0357,11.8407,12.5083,0.3365
269.04697,-34.210682,3.525,0.12,-5.515,0.103,3.4038,0.0701,16.9802,14.852,15.9223,0.1353
269.01462,-34.176876,2.632,0.134,-5.169,0.113,3.4795,0.0633,10.0407,9.6105,9.8667,0.296
269.01483,-34.191734,3.74,0.105,-4.564,0.082,3.6006,0.0513,12.0941,11.221,11.7346,0.154
269.0353,-34.149593,3.231,0.087,-5.118,0.075,3.5978,0.0587,15.5485,13.8722,14.7939,0.264
269.12906,-34.204506,3.219,0.058,-4.423,0.049,3.5948,0.0316,14.3706,13.0215,13.7765,0.178
269.17667,-34.137157,3.691,0.114,-6.368,0.098,3.4024,0.0651,14.7889,13.2567,14.1187,0.3885
269.07965,-34.097942,3.193,0.131,-4.673,0.113,3.4072,0.0682,10.5317,9.9516,10.3011,0.347
268.77396,-34.27479,3.377,0.09,-6.336,0.071,3.6068,0.0577,12.0722,11.1968,11.7129,0.1443
268.91006,-34.208767,3.98,0.102,-4.863,0.084,3.547,0.0636,12.1765,11.2531,11.8012,0.1897
268.8133,-34.235573,3.435,0.111,-4.984,0.09,3.6677,0.0736,7.5267,7.3879,7.4662,0.3705
268.813,-34.231846,3.797,0.063,-5.251,0.051,3.6327,0.043,14.7836,13.3261,14.1195,0.091
268.77618,-34.22622,2.038,0.085,-5.267,0.067,3.5764,0.0532,16.1142,14.2598,15.2381,0.1887
268.7205,-34.278503,3.644,0.075,-5.071,0.067,3.5671,0.0784,14.6502,13.2281,14.0008,0.082
268.69244,-34.276295,3.197,0.076,-5.191,0.062,3.6248,0.049,15.2058,13.6134,14.4685,0.2285
268.63797,-34.271683,3.014,0.061,-6.347,0.049,3.5277,0.0368,13.6244,12.4741,13.1256,0.1
268.77267,-34.128963,3.472,0.136,-5.788,0.108,3.5428,0.0756,16.0091,14.2065,15.1715,0.309
269.03928,-34.002937,3.728,0.132,-5.388,0.114,3.6701,0.0676,12.6106,11.6523,12.2097,0.0625
268.85178,-34.131027,3.376,0.112,-5.714,0.088,3.6779,0.0691,10.8187,10.1398,10.5435,0.329
268.8419,-34.03604,3.309,0.113,-5.617,0.092,3.4225,0.0684,12.7226,11.7454,12.351,0.1513
268.81973,-34.02091,3.384,0.132,-5.584,0.11,3.4725,0.0809,16.5793,14.5346,15.6017,
268.84607,-34.02373,3.197,0.107,-5.845,0.085,3.6693,0.0612,10.7986,10.1415,10.5463,0.329
268.8413,-34.0165,2.662,0.119,-4.911,0.094,3.458,0.0661,9.4415,9.154,9.3251,0.314
268.85013,-34.000153,3.971,0.106,-5.36,0.085,3.6759,0.0617,12.4705,11.5543,12.0905,0.078
269.33978,-34.18146,2.73,0.096,-5.783,0.082,3.4967,0.0514,15.7033,13.9864,14.91,0.144
269.10654,-33.978703,3.129,0.116,-5.499,0.099,3.6035,0.0579,15.3715,13.7571,14.6268,0.1597
268.61475,-34.078186,2.604,0.069,-4.799,0.057,3.6778,0.045,15.3907,13.7403,14.6296,0.1673
268.7032,-34.094303,2.234,0.077,-5.901,0.061,3.5295,0.0476,14.878,13.2009,14.0895,0.6515
268.63428,-34.02067,3.435,0.064,-4.152,0.053,3.5208,0.0382,14.4807,12.9268,13.7553,0.5687
268.51474,-34.110428,2.94,0.233,-5.692,0.188,3.5809,0.1192,16.5652,14.3977,15.5184,
268.5307,-34.014755,2.746,0.233,-4.915,0.192,3.4831,0.1433,18.3449,15.7998,17.1247,
268.52454,-34.018734,3.107,0.106,-4.574,0.084,3.4089,0.0627,16.653,14.6356,15.7412,
268.52475,-33.990498,2.38,0.085,-5.055,0.066,3.6057,0.0528,12.7091,11.7551,12.3074,0.103
268.52408,-34.01791,3.177,0.055,-4.771,0.043,3.4919,0.0323,14.7186,13.2935,14.0824,0.104
268.65942,-33.956318,2.851,0.103,-6.055,0.088,3.6595,0.0633,7.8384,7.7366,7.7897,0.205
268.64032,-33.942276,3.084,0.146,-5.235,0.109,3.6458,0.0808,8.8488,8.6531,8.7671,0.2455
268.52832,-33.978546,2.634,0.051,-5.551,0.04,3.5654,0.0333,13.5957,12.4492,13.0947,0.1
268.56613,-33.915684,2.613,0.104,-5.763,0.081,3.6075,0.0591,9.9225,9.3874,9.7097,0.547
268.78284,-34.010105,3.292,0.066,-5.122,0.055,3.5185,0.0397,14.0223,12.7726,13.4567,0.1515
268.71982,-33.978916,3.073,0.104,-4.8,0.087,3.5717,0.0648,11.9299,11.085,11.5903,0.154
268.8569,-33.86623,3.531,0.094,-5.456,0.081,3.7423,0.0598,16.5629,14.5497,15.5765,0.238
268.67316,-33.9055,2.41,0.118,-5.157,0.101,3.5638,0.0753,7.6868,7.5934,7.6392,0.2315
268.6971,-33.85832,3.158,0.088,-6.116,0.07,3.5541,0.0514,12.436,11.5269,12.0581,0.104
268.3686,-33.9364,2.624,0.093,-5.179,0.073,3.5993,0.0516,12.4786,11.5527,12.0946,0.104
268.5056,-33.948215,3.348,0.141,-5.002,0.114,3.5215,0.0811,17.3355,15.1392,16.3016,
268.50806,-33.931065,3.548,0.074,-5.287,0.062,3.5849,0.0409,15.8062,14.0259,14.9605,0.136
268.5371,-33.89205,2.398,0.083,-5.35,0.067,3.7004,0.0489,13.2893,12.2073,12.818,0.089
268.3948,-33.879547,2.485,0.098,-5.221,0.075,3.5661,0.0542,10.7531,10.1086,10.497,0.374
268.34177,-33.877224,2.658,0.164,-5.364,0.133,3.6107,0.0978,17.665,15.3535,16.5149,0.2275
268.3059,-33.844193,2.873,0.069,-4.098,0.055,3.5717,0.0428,15.0397,13.4968,14.3311,0.124
268.3845,-33.792736,2.606,0.101,-4.937,0.079,3.6407,0.0663,11.8224,11.0081,11.4906,0.129
