  ID     REF  V        B-V
 0001   248  18.710   0.910
 0002   248  19.790   1.550
 0003   248  19.410   1.000
 0004   248  19.070   0.800
 0005   248  20.500   1.320
 0006   248  19.770   0.930
 0007   248  19.460   1.120
 0008   248  18.580   0.900
 0009   248  18.350   0.930
 0010   248  20.240   1.560
 0011   248  18.690   0.950
 0012   248  18.250   0.820
 0013   248  19.930   1.010
 0014   248  20.560   1.220
 0015   248  20.100   1.150
 0016   248  20.600   0.950
 0017   248  15.570   1.350
 0018   248  20.490   1.100
 0019   248  20.370   1.000
 0020   248  19.070   1.080
 0021   248  21.000   1.400
 0022   248  16.130   1.010
 0023   248  20.840   1.130
 0024   248  18.720   0.850
 0025   248  20.460   0.930
 0026   248  21.120   1.440
 0027   248  18.580   0.920
 0028   248  18.970   0.900
 0029   248  20.060   0.900
 0030   248  19.780   1.070
 0031   248  20.770   1.510
 0032   248  18.870   0.810
 0033   248  20.020   1.010
 0034   248  18.020   1.010
 0035   248  20.390   1.570
 0036   248  20.970   1.240
 0037   248  18.470   0.910
 0038   248  21.010   1.200
 0039   248  18.190   0.930
 0040   248  19.580   0.810
 0041   248  18.840   1.220
 0042   248  20.300   1.250
 0043   248  20.900   1.130
 0044   248  19.340   1.290
 0045   248  17.090   0.760
 0046   248  20.580   1.050
 0047   248  21.110   1.220
 0048   248  20.790   1.070
 0049   248  19.860   1.030
 0050   248  19.730   1.030
 0051   248  20.440   1.430
 0052   248  20.230   1.100
 0053   248  19.740   1.060
 0054   248  18.360   0.880
 0055   248  19.590   1.390
 0056   248  20.330   1.400
 0057   248  18.990   1.000
 0058   248  19.280   0.920
 0059   248  17.540   0.870
 0060   248  17.560   1.150
 0061   248  18.460   0.800
 0062   248  18.170   0.780
 0063   248  16.090   1.300
 0064   248  20.940   1.210
 0065   248  17.830   1.320
 0066   248  17.860   0.970
 0067   248  18.320   0.850
 0068   248  20.800   1.230
 0069   248  18.780   1.340
 0070   248  21.160   1.340
 0071   248  20.720   1.260
 0072   248  20.140   1.130
 0073   248  18.400   0.890
 0074   248  19.580   0.950
 0075   248  19.780   0.950
 0076   248  19.920   1.210
 0077   248  20.890   1.610
 0078   248  20.430   1.450
 0079   248  16.190   1.510
 0080   248  16.750   0.740
 0081   248  18.630   1.060
 0082   248  20.150   1.160
 0083   248  19.710   1.100
 0084   248  20.820   1.110
 0085   248  20.600   1.170
 0086   248  19.890   1.430
 0087   248  14.950   1.190
 0088   248  20.370   1.320
 0089   248  17.430   0.870
 0090   248  19.810   1.280
 0091   248  20.070   1.230
 0092   248  21.060   1.240
 0093   248  20.490   1.100
 0094   248  20.650   1.170
 0095   248  20.440   0.990
 0096   248  18.210   0.940
 0097   248  15.920   0.720
 0098   248  20.210   1.050
 0099   248  19.240   0.930
 0100   248  19.260   0.880
 0101   248  17.550   1.200
 0102   248  16.990   0.630
 0103   248  16.630   0.690
 0104   248  19.510   1.110
 0105   248  19.610   0.940
 0106   248  20.980   1.390
 0107   248  18.820   1.760
 0108   248  17.410   0.650
 0109   248  18.000   0.690
 0110   248  20.900   1.160
 0111   248  18.390   0.690
 0112   248  18.900   0.800
 0113   248  17.550   0.780
 0114   248  20.730   1.090
 0115   248  17.610   0.790
 0116   248  19.820   1.080
 0117   248  18.180   0.690
 0118   248  20.770   1.410
 0119   248  16.940   0.720
 0120   248  19.970   0.850
 0121   248  16.140   0.650
 0122   248  16.770   0.620
 0123   248  19.760   1.380
 0124   248  20.550   1.150
 0125   248  16.580   1.530
 0126   248  19.440   2.090
 0127   248  17.580   1.790
 0128   248  19.710   0.930
 0129   248  17.460   0.630
 0130   248  19.900   1.120
 0131   248  20.840   1.310
 0132   248  18.320   1.090
 0133   248  19.570   1.100
 0134   248  17.180   0.670
 0135   248  20.740   1.190
 0136   248  19.540   1.100
 0137   248  19.130   0.950
 0138   248  15.500   0.440
 0139   248  18.590   0.910
 0140   248  20.980   1.510
 0141   248  16.930   0.590
 0142   248  17.720   0.730
 0143   248  19.920   0.970
 0144   248  20.450   1.050
 0145   248  20.660   1.080
 0146   248  17.890   0.610
 0147   248  19.160   0.850
 0148   248  18.410   0.960
 0149   248  19.820   1.150
 0150   248  17.460   1.680
 0151   248  20.680   1.070
 0152   248  20.760   1.290
 0153   248  20.790   1.170
 0154   248  18.930   0.880
 0155   248  17.010   2.240
 0156   248  20.000   1.040
 0157   248  17.780   0.660
 0158   248  18.460   0.830
 0159   248  18.850   0.850
 0160   248  16.460   0.530
 0161   248  15.560   1.480
 0162   248  20.310   1.400
 0163   248  20.370   1.420
 0164   248  19.850   1.080
 0165   248  20.320   1.050
 0166   248  17.510   0.790
 0167   248  20.310   0.980
 0168   248  20.500   0.980
 0169   248  20.950   1.510
 0170   248  20.520   1.120
 0171   248  19.980   0.960
 0172   248  17.820   0.640
 0173   248  20.090   1.080
 0174   248  19.260   1.050
 0175   248  15.790   0.660
 0176   248  15.660   0.650
 0177   248  16.880   0.870
 0178   248  18.840   1.110
 0179   248  16.600   0.740
 0180   248  19.140   0.920
 0181   248  19.600   1.210
 0182   248  18.770   0.870
 0183   248  18.790   0.770
 0184   248  14.310   2.150
 0185   248  20.330   1.050
 0186   248  18.680   0.810
 0187   248  20.170   1.160
 0188   248  19.040   0.830
 0189   248  18.840   1.010
 0190   248  19.030   1.380
 0191   248  20.910   1.520
 0192   248  20.850   1.230
 0193   248  20.920   0.990
 0194   248  20.440   1.110
 0195   248  15.410   1.430
 0196   248  17.480   0.860
 0197   248  19.290   0.880
 0198   248  19.710   0.980
 0199   248  19.150   0.890
 0200   248  19.970   0.940
 0201   248  18.730   0.800
 0202   248  20.410   1.310
 0203   248  19.480   0.920
 0204   248  18.170   0.840
 0205   248  19.460   0.990
 0206   248  20.860   0.980
 0207   248  18.290   0.940
 0208   248  19.880   0.810
 0209   248  19.850   1.080
 0210   248  17.630   0.570
 0211   248  19.680   0.930
 0212   248  18.220   0.650
 0213   248  20.070   0.930
 0214   248  19.330   0.860
 0215   248  17.970   0.780
 0216   248  18.660   1.040
 0217   248  18.970   0.770
 0218   248  21.090   1.080
 0219   248  16.380   1.210
 0220   248  19.880   1.180
 0221   248  19.000   1.020
 0222   248  20.460   0.990
 0223   248  20.530   1.210
 0224   248  16.500   0.670
 0225   248  19.170   1.140
 0226   248  20.430   1.590
 0227   248  20.800   1.470
 0228   248  19.660   0.910
 0229   248  19.970   1.060
 0230   248  17.390   0.510
 0231   248  19.770   0.820
 0232   248  20.940   1.250
 0233   248  18.630   1.170
 0234   248  18.040   0.900
 0235   248  16.800   0.510
 0236   248  18.710   0.720
 0237   248  17.480   0.750
 0238   248  19.790   1.140
 0239   248  20.910   1.540
 0240   248  19.510   1.140
 0241   248  20.370   1.070
 0242   248  19.370   0.940
 0243   248  20.780   1.150
 0244   248  16.080   0.590
 0245   248  19.890   1.320
 0246   248  19.890   1.320
 0247   248  19.530   1.210
 0248   248  19.330   1.010
 0249   248  19.470   0.960
 0250   248  20.800   1.490
 0251   248  20.410   0.940
 0252   248  17.590   0.690
 0253   248  20.710   1.260
 0254   248  19.370   1.020
 0255   248  19.260   1.040
 0256   248  16.980   0.940
 0257   248  20.800   1.210
 0258   248  20.770   1.120
 0259   248  19.760   0.980
 0260   248  18.960   0.970
 0261   248  20.100   1.180
 0262   248  20.670   1.060
 0263   248  19.510   1.140
 0264   248  17.690   0.670
 0265   248  19.240   1.120
 0266   248  17.320   0.720
 0267   248  18.360   1.060
 0268   248  17.730   0.750
 0269   248  19.270   0.970
 0270   248  20.940   1.230
 0271   248  21.060   1.340
 0272   248  19.580   0.950
 0273   248  19.320   0.910
 0274   248  19.580   0.960
 0275   248  18.920   1.010
 0276   248  21.490   1.230
 0277   248  19.030   0.860
 0278   248  19.400   1.290
 0279   248  19.250   1.030
 0280   248  18.520   0.890
 0281   248  19.290   0.980
 0282   248  18.530   0.960
 0283   248  20.400   1.150
 0284   248  20.960   1.310
 0285   248  19.560   1.110
 0286   248  18.000   0.750
 0287   248  20.300   1.120
 0288   248  20.230   0.980
 0289   248  21.050   1.100
 0290   248  20.800   1.100
 0291   248  18.720   0.990
 0292   248  18.100   0.670
 0293   248  19.930   0.980
 0294   248  19.890   1.170
 0295   248  20.430   1.210
 0296   248  16.470   0.570
 0297   248  20.160   1.240
 0298   248  19.890   1.100
 0299   248  19.650   0.980
 0300   248  18.150   0.810
 0301   248  18.060   1.040
 0302   248  20.230   1.140
 0303   248  20.430   1.250
 0304   248  20.120   0.940
 0305   248  21.230   1.020
 0306   248  18.970   0.790
 0307   248  19.110   0.910
 0308   248  16.240   0.750
 0309   248  19.750   0.910
 0310   248  19.110   0.950
 0311   248  20.560   1.190
 0312   248  17.650   0.800
 0313   248  18.750   1.090
 0314   248  21.000   1.220
 0315   248  19.230   1.130
 0316   248  19.520   0.890
 0317   248  19.950   1.020
 0318   248  19.650   0.990
 0319   248  18.950   0.880
 0320   248  20.090   0.920
 0321   248  20.470   1.070
 0322   248  18.330   0.940
 0323   248  19.450   0.880
 0324   248  19.210   0.870
 0325   248  20.460   1.100
 0326   248  18.050   1.010
 0327   248  20.340   1.280
 0328   248  19.990   1.230
 0329   248  19.660   0.900
 0330   248  20.280   1.270
 0331   248  17.950   0.840
 0332   248  18.110   0.870
 0333   248  20.830   1.270
 0334   248  18.660   0.980
 0335   248  19.180   1.400
 0336   248  18.610   0.930
 0337   248  20.370   1.000
 0338   248  17.910   1.030
 0339   248  21.180   1.130
 0340   248  20.040   1.120
 0341   248  17.940   0.900
 0342   248  20.640   1.150
 0343   248  19.400   0.880
 0344   248  19.170   1.170
 0345   248  19.910   1.040
 0346   248  20.080   1.180
 0347   248  19.620   1.190
 0348   248  20.980   1.270
 0349   248  20.700   1.390
 0350   248  21.300   1.810
 0351   248  18.340   0.900
 0352   248  20.830   1.520
 0353   248  18.850   1.130
 0354   248  15.750   0.530
 0355   248  19.370   1.070
 0356   248  19.460   1.080
 0357   248  19.990   1.250
 0358   248  19.880   0.960
 0359   248  20.440   1.070
 0360   248  20.160   1.220
 0361   248  19.950   1.310
 0362   248  19.070   0.870
 0363   248  19.340   0.890
 0364   248  19.250   1.070
 0365   248  18.570   0.790
 0366   248  18.820   1.070
 0367   248  18.610   1.100
 0368   248  19.220   1.010
 0369   248  19.750   1.080
 0370   248  19.020   0.870
 0371   248  20.450   1.150
 0372   248  20.360   0.960
 0373   248  17.260   1.500
 0374   248  19.660   1.090
 0375   248  21.000   1.020
 0376   248  19.390   0.940
 0377   248  20.530   1.070
 0378   248  20.640   1.210
 0379   248  17.030   0.610
 0380   248  16.350   1.550
 0381   248  18.230   0.840
 0382   248  19.780   0.980
 0383   248  20.850   1.420
 0384   248  17.730   0.630
 0385   248  17.700   0.730
 0386   248  16.510   0.720
 0387   248  16.700   0.670
 0388   248  20.190   0.950
 0389   248  20.280   1.220
 0390   248  19.620   1.080
 0391   248  20.730   1.220
 0392   248  20.880   0.940
 0393   248  18.090   0.750
 0394   248  15.970   0.820
 0395   248  18.540   0.880
 0396   248  20.200   1.080
 0397   248  18.170   0.680
 0398   248  21.180   1.470
 0399   248  18.000   0.850
 0400   248  20.250   1.110
 0401   248  17.880   0.620
 0402   248  18.980   0.880
 0403   248  19.510   1.060
 0404   248  19.160   0.950
 0405   248  19.860   1.000
 0406   248  17.850   0.720
 0407   248  21.200   1.110
 0408   248  17.590   0.870
 0409   248  18.720   1.150
 0410   248  20.630   1.170
 0411   248  17.900   0.890
 0412   248  20.430   1.090
 0413   248  17.640   0.610
 0414   248  19.510   1.170
 0415   248  20.540   0.980
 0416   248  21.210   1.620
 0417   248  20.740   1.190
 0418   248  20.760   1.020
 0419   248  19.990   1.040
 0420   248  19.840   0.970
 0421   248  18.850   0.760
 0422   248  21.130   1.150
 0423   248  20.450   0.940
 0424   248  18.320   0.750
 0425   248  19.330   0.840
 0426   248  21.140   1.120
 0427   248  20.620   1.010
 0428   248  21.340   1.210
 0429   248  17.900   0.860
 0430   248  20.630   0.960
 0431   248  16.820   0.650
 0432   248  20.900   1.130
 0433   248  15.470   0.700
 0434   248  20.660   0.990
 0435   248  19.730   1.050
 0436   248  21.310   1.120
 0437   248  19.160   0.910
 0438   248  20.570   1.360
 0439   248  20.490   1.170
 0440   248  20.020   1.060
 0441   248  19.320   1.100
 0442   248  19.060   0.960
 0443   248  16.220   1.550
 0444   248  19.220   1.020
 0445   248  19.030   0.840
 0446   248  18.800   0.900
 0447   248  20.070   1.230
 0448   248  17.610   0.670
 0449   248  19.120   1.040
 0450   248  18.430   0.750
 0451   248  17.840   0.780
 0452   248  20.260   1.010
 0453   248  20.340   1.500
 0454   248  20.440   1.220
 0455   248  18.150   0.790
 0456   248  20.660   0.980
 0457   248  19.300   0.930
 0458   248  20.370   1.080
 0459   248  20.640   1.020
 0460   248  20.130   1.220
 0461   248  20.660   1.180
 0462   248  19.160   0.870
 0463   248  19.280   0.830
 0464   248  20.820   1.100
 0465   248  17.920   0.640
 0466   248  19.230   0.960
 0467   248  21.130   1.260
 0468   248  20.640   1.160
 0469   248  17.390   0.810
 0470   248  20.440   1.020
 0471   248  21.010   1.170
 0472   248  20.870   1.080
 0473   248  20.430   1.090
 0474   248  19.200   1.320
 0475   248  20.070   0.960
 0476   248  18.180   0.610
 0477   248  19.260   0.850
 0478   248  18.560   0.890
 0479   248  20.200   1.110
 0480   248  19.500   0.960
 0481   248  20.750   1.000
 0482   248  20.410   1.000
 0483   248  19.530   0.920
 0484   248  20.640   1.310
 0485   248  20.350   1.020
 0486   248  20.630   0.980
 0487   248  18.960   0.780
 0488   248  20.080   1.020
 0489   248  20.780   1.200
 0490   248  20.270   0.950
 0491   248  18.380   0.940
 0492   248  17.900   0.890
 0493   248  17.940   0.880
 0494   248  19.130   0.860
 0495   248  16.090   0.280
 0496   248  19.000   0.920
 0497   248  19.680   1.000
 0498   248  18.930   0.790
 0499   248  20.200   1.460
 0500   248  19.930   1.060
 0501   248  19.500   0.890
 0502   248  21.100   1.370
 0503   248  19.520   0.880
 0504   248  18.450   0.810
 0505   248  19.240   0.870
 0506   248  20.600   1.130
 0507   248  20.440   0.930
 0508   248  20.760   1.020
 0509   248  16.180   0.750
 0510   248  20.030   1.060
 0511   248  20.430   1.080
 0512   248  20.410   1.260
 0513   248  19.840   1.350
 0514   248  18.990   0.990
 0515   248  18.480   0.670
 0516   248  18.500   0.900
 0517   248  19.070   0.980
 0518   248  19.640   0.870
 0519   248  17.300   1.000
 0520   248  20.640   1.060
 0521   248  19.180   0.920
 0522   248  18.110   0.660
 0523   248  19.350   0.890
 0524   248  20.390   1.110
 0525   248  19.330   0.930
 0526   248  19.680   0.920
 0527   248  17.840   0.720
 0528   248  17.460   0.530
 0529   248  20.430   1.410
 0530   248  17.560   1.070
 0531   248  20.360   0.920
 0532   248  20.930   1.040
 0533   248  21.060   1.190
 0534   248  17.950   0.760
 0535   248  18.950   0.840
 0536   248  21.220   0.880
 0537   248  18.840   0.840
 0538   248  19.790   1.650
 0539   248  20.880   1.190
 0540   248  19.680   0.940
 0541   248  19.650   1.000
 0542   248  18.070   1.140
 0543   248  19.980   1.500
 0544   248  20.200   1.000
 0545   248  20.790   1.050
 0546   248  17.210   0.520
 0547   248  18.940   0.820
 0548   248  19.220   0.970
 0549   248  20.590   1.060
 0550   248  19.920   0.960
 0551   248  18.320   0.800
 0552   248  20.640   1.180
 0553   248  19.280   0.930
 0554   248  19.350   0.980
 0555   248  20.060   0.950
 0556   248  18.750   1.280
 0557   248  20.130   1.090
 0558   248  15.640   0.560
 0559   248  18.090   0.660
 0560   248  19.930   1.070
 0561   248  19.520   1.420
 0562   248  17.920   0.570
 0563   248  20.720   1.100
 0564   248  18.980   0.980
 0565   248  19.110   1.680
 0566   248  18.830   1.270
 0567   248  18.620   0.990
 0568   248  20.920   1.220
 0569   248  20.510   1.200
 0570   248  20.640   1.010
 0571   248  19.470   0.910
 0572   248  19.520   1.080
 0573   248  20.320   1.160
 0574   248  19.440   1.210
 0575   248  20.660   1.220
 0576   248  18.960   0.790
 0577   248  18.090   0.840
 0578   248  20.300   1.230
 0579   248  19.600   1.100
 0580   248  17.790   0.970
 0581   248  18.910   1.420
 0582   248  19.960   1.010
 0583   248  19.030   1.070
 0584   248  20.410   1.670
 0585   248  20.430   1.050
 0586   248  18.850   0.840
 0587   248  19.590   1.070
 0588   248  19.780   1.030
 0589   248  18.450   0.860
 0590   248  18.120   0.870
 0591   248  19.380   1.290
 0592   248  20.100   0.970
 0593   248  21.030   0.980
 0594   248  17.710   0.920
 0595   248  16.860   0.930
 0596   248  18.720   0.970
 0597   248  19.470   0.960
 0598   248  19.410   1.080
 0599   248  15.820   1.580
 0600   248  18.250   0.950
 0601   248  19.910   1.090
 0602   248  20.650   1.050
 0603   248  17.990   0.670
 0604   248  19.320   0.930
 0605   248  20.600   0.910
 0606   248  19.770   0.940
 0607   248  17.900   0.650
 0608   248  20.010   0.950
 0609   248  18.280   0.850
 0610   248  15.880   0.690
 0611   248  18.270   0.890
 0612   248  21.160   1.190
 0613   248  18.600   0.730
 0614   248  17.540   0.570
 0615   248  19.390   0.980
 0616   248  15.420   1.750
 0617   248  20.760   1.240
 0618   248  19.520   0.930
 0619   248  20.080   1.130
 0620   248  18.330   0.860
 0621   248  18.700   0.950
 0622   248  19.390   1.010
 0623   248  20.290   0.970
 0624   248  20.920   1.270
 0625   248  18.120   0.700
 0626   248  19.660   0.960
 0627   248  17.680   0.830
 0628   248  18.440   0.870
 0629   248  19.250   0.910
 0630   248  18.170   1.580
 0631   248  16.910   0.520
 0632   248  20.640   1.220
 0633   248  21.050   1.190
 0634   248  19.660   0.850
 0635   248  19.890   1.420
 0636   248  19.180   0.960
 0637   248  20.480   1.090
 0638   248  20.150   0.870
 0639   248  20.000   1.440
 0640   248  19.660   0.880
 0641   248  19.180   0.940
 0642   248  19.360   0.860
 0643   248  20.070   1.050
 0644   248  19.430   0.920
 0645   248  18.900   0.900
 0646   248  20.840   1.160
 0647   248  17.270   0.940
 0648   248  19.870   1.030
 0649   248  21.110   1.100
 0650   248  18.880   1.100
 0651   248  18.020   0.910
 0652   248  17.680   0.600
 0653   248  18.340   0.660
 0654   248  20.340   1.040
 0655   248  19.090   0.840
 0656   248  18.860   0.960
 0657   248  19.770   0.920
 0658   248  19.580   0.900
 0659   248  19.660   1.120
 0660   248  19.440   1.030
 0661   248  20.160   1.380
 0662   248  20.000   1.180
 0663   248  19.060   0.890
 0664   248  20.740   1.080
 0665   248  16.910   0.820
 0666   248  19.960   1.020
 0667   248  19.910   1.000
 0668   248  20.040   1.310
 0669   248  19.340   1.040
 0670   248  17.070   0.910
 0671   248  20.750   1.510
 0672   248  16.920   0.780
 0673   248  16.470   0.710
 0674   248  20.430   1.390
 0675   248  19.900   1.050
 0676   248  19.290   0.950
 0677   248  19.880   1.060
 0678   248  19.520   1.020
 0679   248  19.920   1.150
 0680   248  18.280   0.950
 0681   248  20.080   0.750
 0682   248  17.610   2.020
 0683   248  19.060   1.300
 0684   248  20.100   1.090
 0685   248  20.540   1.190
 0686   248  20.300   1.130
 0687   248  19.990   1.020
 0688   248  18.920   0.790
 0689   248  20.250   1.110
 0690   248  18.530   0.850
 0691   248  18.260   0.960
 0692   248  17.020   0.500
 0693   248  17.650   0.790
 0694   248  18.480   0.860
 0695   248  18.310   0.910
 0696   248  20.980   1.220
 0697   248  18.900   0.950
 0698   248  19.310   1.280
 0699   248  17.060   1.400
 0700   248  19.120   0.810
 0701   248  18.510   0.720
 0702   248  17.760   1.400
 0703   248  18.810   0.910
 0704   248  18.400   1.020
 0705   248  19.620   0.940
 0706   248  21.020   1.720
 0707   248  20.980   1.410
 0708   248  17.870   0.760
 0709   248  19.620   1.350
 0710   248  17.340   0.620
 0711   248  18.890   1.090
 0712   248  18.830   0.830
 0713   248  18.770   0.800
 0714   248  19.850   1.010
 0715   248  17.190   2.110
 0716   248  19.900   0.880
 0717   248  18.310   0.920
 0718   248  20.910   1.190
 0719   248  18.020   0.560
 0720   248  20.450   0.930
 0721   248  19.730   0.950
 0722   248  15.850   0.580
 0723   248  13.620   1.490
 0724   248  18.820   1.020
 0725   248  19.580   0.980
 0726   248  18.670   0.750
 0727   248  17.620   0.680
 0728   248  14.100   0.740
 0729   248  20.490   1.380
 0730   248  19.080   0.910
 0731   248  17.740   0.940
 0732   248  14.460   1.210
 0733   248  18.840   0.960
 0734   248  20.940   1.160
 0735   248  13.600   1.460
